1.334871947765350342e-01
3.942670226097106934e-01
1.385559588670730591e-01
1.691353023052215576e-01
2.476783692836761475e-01
2.021684944629669189e-01
1.330714523792266846e-01
1.231380850076675415e-01
1.612382233142852783e-01
1.781073361635208130e-01
1.555184721946716309e-01
1.264155209064483643e-01
1.192077845335006714e-01
1.332080960273742676e-01
1.462110877037048340e-01
1.432015448808670044e-01
1.297755688428878784e-01
1.195723637938499451e-01
1.198061928153038025e-01
1.270011067390441895e-01
1.325263082981109619e-01
1.312010735273361206e-01
1.249412074685096741e-01
1.194415315985679626e-01
1.186195388436317444e-01
1.217938661575317383e-01
1.251685917377471924e-01
1.255574226379394531e-01
1.228702068328857422e-01
1.195845231413841248e-01
1.182607784867286682e-01
1.194240897893905640e-01
1.214196681976318359e-01
1.221583336591720581e-01
1.210251450538635254e-01
1.191788762807846069e-01
1.182110086083412170e-01
1.186666265130043030e-01
1.197586506605148315e-01
1.202873364090919495e-01
1.197725757956504822e-01
1.187501177191734314e-01
1.181330904364585876e-01
1.183289736509323120e-01
1.189343556761741638e-01
1.192281469702720642e-01
1.189086213707923889e-01
1.183165758848190308e-01
1.180048137903213501e-01
1.181608587503433228e-01
1.184898167848587036e-01
1.185796707868576050e-01
1.183280199766159058e-01
1.179865151643753052e-01
1.178629249334335327e-01
1.179946288466453552e-01
1.181493774056434631e-01
1.181076392531394958e-01
1.178956851363182068e-01
1.177157759666442871e-01
1.177029237151145935e-01
1.177873462438583374e-01
1.178043037652969360e-01
1.176890507340431213e-01
1.175347939133644104e-01
1.174599677324295044e-01
1.174758672714233398e-01
1.174810156226158142e-01
1.174012273550033569e-01
1.172717586159706116e-01
1.171776652336120605e-01
1.171440258622169495e-01
1.171132177114486694e-01
1.170277595520019531e-01
1.169032603502273560e-01
1.167964190244674683e-01
1.167259365320205688e-01
1.166516765952110291e-01
1.165365427732467651e-01
1.163943409919738770e-01
1.162618771195411682e-01
1.161467880010604858e-01
1.160157471895217896e-01
1.158478707075119019e-01
1.156640872359275818e-01
1.154863387346267700e-01
1.153019666671752930e-01
1.150867119431495667e-01
1.148403510451316833e-01
1.145796626806259155e-01
1.143088489770889282e-01
1.140067800879478455e-01
1.136623844504356384e-01
1.132880225777626038e-01
1.128864884376525879e-01
1.124412864446640015e-01
1.119404584169387817e-01
1.113876551389694214e-01
1.107827574014663696e-01
1.101082712411880493e-01
1.093520969152450562e-01
1.085124388337135315e-01
1.075782552361488342e-01
1.065267473459243774e-01
1.053425073623657227e-01
1.040121316909790039e-01
1.025072708725929260e-01
1.007936224341392517e-01
9.883817285299301147e-02
9.659434854984283447e-02
9.399767220020294189e-02
9.097839146852493286e-02
8.745010197162628174e-02
8.330552279949188232e-02
7.841990143060684204e-02
7.265760749578475952e-02
6.589840352535247803e-02
5.818080902099609375e-02
4.993783682584762573e-02
4.215417057275772095e-02
3.611901402473449707e-02
3.270705416798591614e-02
3.184282034635543823e-02
3.277358412742614746e-02
3.471382707357406616e-02
3.704566136002540588e-02
3.917884826660156250e-02
4.064135625958442688e-02
4.127730429172515869e-02
4.117632657289505005e-02
4.046747833490371704e-02
3.923273831605911255e-02
3.755297511816024780e-02
3.559248521924018860e-02
3.360370919108390808e-02
3.183588758111000061e-02
3.043625876307487488e-02
2.944911643862724304e-02
2.888945117592811584e-02
2.875041589140892029e-02
2.893319725990295410e-02
2.923578023910522461e-02
2.944680489599704742e-02
2.944213710725307465e-02
2.919117175042629242e-02
2.871239557862281799e-02
2.805361710488796234e-02
2.730515599250793457e-02
2.660140953958034515e-02
2.607234939932823181e-02
2.578135766088962555e-02
2.570595219731330872e-02
2.577531337738037109e-02
2.592170797288417816e-02
2.609339915215969086e-02
2.623899653553962708e-02
2.630519308149814606e-02
2.626409567892551422e-02
2.613610960543155670e-02
2.597762644290924072e-02
2.584221959114074707e-02
2.575740776956081390e-02
2.572678402066230774e-02
2.574349008500576019e-02
2.579456195235252380e-02
2.585778199136257172e-02
2.590500935912132263e-02
2.591395936906337738e-02
2.588044106960296631e-02
2.581685781478881836e-02
2.574304677546024323e-02
2.567405998706817627e-02
2.561986818909645081e-02
2.558588422834873199e-02
2.557350322604179382e-02
2.557865343987941742e-02
2.559129334986209869e-02
2.560060285031795502e-02
2.560079097747802734e-02
2.559154294431209564e-02
2.557601407170295715e-02
2.555775269865989685e-02
2.553946711122989655e-02
2.552517317235469818e-02
2.551772259175777435e-02
2.551744878292083740e-02
2.552189305424690247e-02
2.552753128111362457e-02
2.553139626979827881e-02
2.553195320069789886e-02
2.552931569516658783e-02
2.552309632301330566e-02
2.551474235951900482e-02
2.550589479506015778e-02
2.549828216433525085e-02
2.549285255372524261e-02
2.548955380916595459e-02
2.548738941550254822e-02
2.548588812351226807e-02
2.548410557210445404e-02
2.548155188560485840e-02
2.547799423336982727e-02
2.547333762049674988e-02
2.546852454543113708e-02
2.546395361423492432e-02
2.546001598238945007e-02
2.545691654086112976e-02
2.545453980565071106e-02
2.545282244682312012e-02
2.545109391212463379e-02
2.544916607439517975e-02
2.544672414660453796e-02
2.544388733804225922e-02
2.544079720973968506e-02
2.543769218027591705e-02
2.543462440371513367e-02
2.543175779283046722e-02
2.542906999588012695e-02
2.542656660079956055e-02
2.542429603636264801e-02
2.542195096611976624e-02
2.541940473020076752e-02
2.541677094995975494e-02
2.541397511959075928e-02
2.541127428412437439e-02
2.540836296975612640e-02
2.540566027164459229e-02
2.540308609604835510e-02
2.540041878819465637e-02
2.539801597595214844e-02
2.539561688899993896e-02
2.539300918579101562e-02
2.539047226309776306e-02
2.538787387311458588e-02
2.538535371422767639e-02
2.538273297250270844e-02
2.538014948368072510e-02
2.537745609879493713e-02
2.537493780255317688e-02
2.537260577082633972e-02
2.537011168897151947e-02
2.536756917834281921e-02
2.536525204777717590e-02
2.536258660256862640e-02
2.536000870168209076e-02
2.535746991634368896e-02
2.535496279597282410e-02
2.535243704915046692e-02
2.534995973110198975e-02
2.534749172627925873e-02
2.534497343003749847e-02
2.534236572682857513e-02
2.533988282084465027e-02
2.533745206892490387e-02
2.533491328358650208e-02
2.533230744302272797e-02
2.532978355884552002e-02
2.532742917537689209e-02
2.532479166984558105e-02
2.532217465341091156e-02
2.531976066529750824e-02
2.531724236905574799e-02
2.531479857861995697e-02
2.531221881508827209e-02
2.530975639820098877e-02
2.530716359615325928e-02
2.530469000339508057e-02
2.530215308070182800e-02
2.529963292181491852e-02
2.529716491699218750e-02
2.529448270797729492e-02
2.529210411012172699e-02
2.528944239020347595e-02
2.528691291809082031e-02
2.528442069888114929e-02
2.528190985321998596e-02
2.527941763401031494e-02
2.527686394751071930e-02
2.527434751391410828e-02
2.527161501348018646e-02
2.526911161839962006e-02
2.526653371751308441e-02
2.526400052011013031e-02
2.526138350367546082e-02
2.525894902646541595e-02
2.525632083415985107e-02
2.525378391146659851e-02
2.525121904909610748e-02
2.524862252175807953e-02
2.524608746170997620e-02
2.524344250559806824e-02
2.524078451097011566e-02
2.523821592330932617e-02
2.523564174771308899e-02
2.523302659392356873e-02
2.523035928606987000e-02
2.522778138518333435e-02
2.522509172558784485e-02
2.522248029708862305e-02
2.521992288529872894e-02
2.521724440157413483e-02
2.521463669836521149e-02
2.521190606057643890e-02
2.520926855504512787e-02
2.520667389035224915e-02
2.520394325256347656e-02
2.520132437348365784e-02
2.519864775240421295e-02
2.519598230719566345e-02
2.519316412508487701e-02
2.519059181213378906e-02
2.518784441053867340e-02
2.518508397042751312e-02
2.518226206302642822e-02
2.517955005168914795e-02
2.517688274383544922e-02
2.517415955662727356e-02
2.517137862741947174e-02
2.516860887408256531e-02
2.516585588455200195e-02
2.516316808760166168e-02
2.516034618020057678e-02
2.515748143196105957e-02
2.515470981597900391e-02
2.515196241438388824e-02
2.514911070466041565e-02
2.514626644551753998e-02
2.514346316456794739e-02
2.514068409800529480e-02
2.513780072331428528e-02
2.513493038713932037e-02
2.513207867741584778e-02
2.512920834124088287e-02
2.512625977396965027e-02
2.512344159185886383e-02
2.512058056890964508e-02
2.511762641370296478e-02
2.511467970907688141e-02
2.511169575154781342e-02
2.510882914066314697e-02
2.510581538081169128e-02
2.510290965437889099e-02
2.509992942214012146e-02
2.509683743119239807e-02
2.509382367134094238e-02
2.509098127484321594e-02
2.508788183331489563e-02
2.508489787578582764e-02
2.508178353309631348e-02
2.507876791059970856e-02
2.507562562823295593e-02
2.507261000573635101e-02
2.506955899298191071e-02
2.506640553474426270e-02
2.506336942315101624e-02
2.506015636026859283e-02
2.505713701248168945e-02
2.505399286746978760e-02
2.505076304078102112e-02
2.504771016538143158e-02
2.504435181617736816e-02
2.504133060574531555e-02
2.503796853125095367e-02
2.503485418856143951e-02
2.503165230154991150e-02
2.502821013331413269e-02
2.502511069178581238e-02
2.502185106277465820e-02
2.501855790615081787e-02
2.501515671610832214e-02
2.501180395483970642e-02
2.500850334763526917e-02
2.500514686107635498e-02
2.500186488032341003e-02
2.499841898679733276e-02
2.499505504965782166e-02
2.499157935380935669e-02
2.498829178512096405e-02
2.498481795191764832e-02
2.498132735490798950e-02
2.497788518667221069e-02
2.497436478734016418e-02
2.497087791562080383e-02
2.496728114783763885e-02
2.496378496289253235e-02
2.496032044291496277e-02
2.495667710900306702e-02
2.495310828089714050e-02
2.494950406253337860e-02
2.494592778384685516e-02
2.494222298264503479e-02
2.493866346776485443e-02
2.493490092456340790e-02
2.493127249181270599e-02
2.492761239409446716e-02
2.492374554276466370e-02
2.492003701627254486e-02
2.491633221507072449e-02
2.491252124309539795e-02
2.490866743028163910e-02
2.490484341979026794e-02
2.490111254155635834e-02
2.489719353616237640e-02
2.489330805838108063e-02
2.488938346505165100e-02
2.488555945456027985e-02
2.488154545426368713e-02
2.487752586603164673e-02
2.487366460263729095e-02
2.486954443156719208e-02
2.486552484333515167e-02
2.486153878271579742e-02
2.485737390816211700e-02
2.485334500670433044e-02
2.484919875860214233e-02
2.484508417546749115e-02
2.484090067446231842e-02
2.483667246997356415e-02
2.483251504600048065e-02
2.482828497886657715e-02
2.482415363192558289e-02
2.481958270072937012e-02
2.481542155146598816e-02
2.481112442910671234e-02
2.480671927332878113e-02
2.480225637555122375e-02
2.479789033532142639e-02
2.479348890483379364e-02
2.478895150125026703e-02
2.478438988327980042e-02
2.477997168898582458e-02
2.477550134062767029e-02
2.477081492543220520e-02
2.476621605455875397e-02
2.476158738136291504e-02
2.475693821907043457e-02
2.475212700664997101e-02
2.474736608564853668e-02
2.474275231361389160e-02
2.473795041441917419e-02
2.473304048180580139e-02
2.472824230790138245e-02
2.472328022122383118e-02
2.471834793686866760e-02
2.471349015831947327e-02
2.470836043357849121e-02
2.470337785780429840e-02
2.469824999570846558e-02
2.469313517212867737e-02
2.468801103532314301e-02
2.468286454677581787e-02
2.467762120068073273e-02
2.467244304716587067e-02
2.466705814003944397e-02
2.466172166168689728e-02
2.465642988681793213e-02
2.465102449059486389e-02
2.464546635746955872e-02
2.463994547724723816e-02
2.463448792695999146e-02
2.462885901331901550e-02
2.462321892380714417e-02
2.461744844913482666e-02
2.461188100278377533e-02
2.460606768727302551e-02
2.460017427802085876e-02
2.459433302283287048e-02
2.458844706416130066e-02
2.458246611058712006e-02
2.457649633288383484e-02
2.457032725214958191e-02
2.456427924335002899e-02
2.455794811248779297e-02
2.455172315239906311e-02
2.454549446702003479e-02
2.453909441828727722e-02
2.453274652361869812e-02
2.452624216675758362e-02
2.451959066092967987e-02
2.451311796903610229e-02
2.450637519359588623e-02
2.449965849518775940e-02
2.449283376336097717e-02
2.448600716888904572e-02
2.447898685932159424e-02
2.447206340730190277e-02
2.446489781141281128e-02
2.445770055055618286e-02
2.445044741034507751e-02
2.444307878613471985e-02
2.443573810160160065e-02
2.442828752100467682e-02
2.442075684666633606e-02
2.441295795142650604e-02
2.440525218844413757e-02
2.439733222126960754e-02
2.438942156732082367e-02
2.438141033053398132e-02
2.437320537865161896e-02
2.436505071818828583e-02
2.435663342475891113e-02
