1.334871947765350342e-01
4.973404407501220703e-01
1.359723359346389771e-01
1.766614317893981934e-01
2.681104540824890137e-01
2.377621829509735107e-01
1.581044048070907593e-01
1.170279234647750854e-01
1.400005519390106201e-01
1.811263263225555420e-01
1.866059601306915283e-01
1.589196324348449707e-01
1.279806941747665405e-01
1.154836639761924744e-01
1.231938004493713379e-01
1.384418904781341553e-01
1.471203118562698364e-01
1.436511129140853882e-01
1.319099217653274536e-01
1.200204268097877502e-01
1.144421324133872986e-01
1.165495291352272034e-01
1.227020770311355591e-01
1.273980438709259033e-01
1.272610127925872803e-01
1.228159815073013306e-01
1.172197088599205017e-01
1.136457547545433044e-01
1.133774891495704651e-01
1.155127882957458496e-01
1.179781705141067505e-01
1.189862266182899475e-01
1.179770007729530334e-01
1.156625747680664062e-01
1.133583337068557739e-01
1.121439114212989807e-01
1.123054996132850647e-01
1.132987514138221741e-01
1.142022386193275452e-01
1.143279448151588440e-01
1.135871633887290955e-01
1.124339103698730469e-01
1.114811897277832031e-01
1.111110076308250427e-01
1.113006472587585449e-01
1.117216199636459351e-01
1.119834184646606445e-01
1.118699312210083008e-01
1.114198714494705200e-01
1.108591556549072266e-01
1.104391366243362427e-01
1.102895289659500122e-01
1.103662028908729553e-01
1.105028241872787476e-01
1.105342060327529907e-01
1.103878840804100037e-01
1.101119890809059143e-01
1.098260655999183655e-01
1.096328645944595337e-01
1.095649152994155884e-01
1.095756515860557556e-01
1.095847263932228088e-01
1.095283851027488708e-01
1.093935370445251465e-01
1.092166528105735779e-01
1.090519204735755920e-01
1.089354977011680603e-01
1.088711470365524292e-01
1.088300496339797974e-01
1.087741032242774963e-01
1.086811572313308716e-01
1.085552424192428589e-01
1.084160432219505310e-01
1.082867607474327087e-01
1.081784218549728394e-01
1.080858483910560608e-01
1.079911738634109497e-01
1.078807264566421509e-01
1.077453941106796265e-01
1.075916290283203125e-01
1.074258834123611450e-01
1.072582378983497620e-01
1.070878133177757263e-01
1.069069504737854004e-01
1.067063212394714355e-01
1.064765229821205139e-01
1.062107533216476440e-01
1.059075370430946350e-01
1.055637001991271973e-01
1.051741465926170349e-01
1.047252416610717773e-01
1.041985303163528442e-01
1.035708189010620117e-01
1.028160676360130310e-01
1.018976569175720215e-01
1.007695421576499939e-01
9.937162697315216064e-02
9.762187302112579346e-02
9.540945291519165039e-02
9.259174764156341553e-02
8.899741619825363159e-02
8.444032818078994751e-02
7.875914871692657471e-02
7.191618531942367554e-02
6.411666423082351685e-02
5.592441558837890625e-02
4.822092503309249878e-02
4.192895814776420593e-02
3.760383650660514832e-02
3.522670641541481018e-02
3.434149175882339478e-02
3.438352793455123901e-02
3.493094071745872498e-02
3.576251864433288574e-02
3.678161650896072388e-02
3.791460394859313965e-02
3.904527425765991211e-02
4.000801593065261841e-02
4.063590243458747864e-02
4.081383720040321350e-02
4.051579162478446960e-02
3.980665281414985657e-02
3.881451487541198730e-02
3.769082203507423401e-02
3.657247871160507202e-02
3.555364161729812622e-02
3.468715772032737732e-02
3.398761153221130371e-02
3.345072641968727112e-02
3.306918218731880188e-02
3.283832222223281860e-02
3.275816887617111206e-02
3.281755745410919189e-02
3.298959508538246155e-02
3.322861343622207642e-02
3.347726538777351379e-02
3.367938846349716187e-02
3.379696607589721680e-02
3.381609544157981873e-02
3.374614939093589783e-02
3.361162915825843811e-02
3.344422578811645508e-02
3.327039256691932678e-02
3.310672938823699951e-02
3.296297043561935425e-02
3.284259513020515442e-02
3.274805471301078796e-02
3.268081322312355042e-02
3.264287114143371582e-02
3.263388946652412415e-02
3.265000134706497192e-02
3.268242627382278442e-02
3.272109851241111755e-02
3.275679424405097961e-02
3.278001025319099426e-02
3.278865292668342590e-02
3.278303891420364380e-02
3.276518359780311584e-02
3.274116665124893188e-02
3.271375596523284912e-02
3.268597275018692017e-02
3.265986964106559753e-02
3.263580799102783203e-02
3.261503204703330994e-02
3.259889036417007446e-02
3.258775919675827026e-02
3.258255869150161743e-02
3.258192166686058044e-02
3.258568048477172852e-02
3.259012103080749512e-02
3.259500861167907715e-02
3.259694203734397888e-02
3.259723633527755737e-02
3.259375318884849548e-02
3.258911520242691040e-02
3.258343413472175598e-02
3.257555887103080750e-02
3.256817907094955444e-02
3.256107121706008911e-02
3.255395591259002686e-02
3.254714980721473694e-02
3.254173323512077332e-02
3.253688663244247437e-02
3.253365308046340942e-02
3.253122419118881226e-02
3.252901881933212280e-02
3.252729773521423340e-02
3.252564743161201477e-02
3.252316266298294067e-02
3.252033144235610962e-02
3.251737356185913086e-02
3.251398354768753052e-02
3.251016139984130859e-02
3.250622749328613281e-02
3.250335901975631714e-02
3.249882906675338745e-02
3.249593451619148254e-02
3.249154239892959595e-02
3.248845413327217102e-02
3.248513489961624146e-02
3.248187527060508728e-02
3.247899562120437622e-02
3.247622400522232056e-02
3.247315436601638794e-02
3.247032314538955688e-02
3.246697783470153809e-02
3.246386721730232239e-02
3.246059268712997437e-02
3.245723992586135864e-02
3.245388716459274292e-02
3.245048969984054565e-02
3.244646638631820679e-02
3.244311362504959106e-02
3.243942558765411377e-02
3.243613615632057190e-02
3.243283182382583618e-02
3.242928534746170044e-02
3.242598101496696472e-02
3.242260962724685669e-02
3.241922706365585327e-02
3.241541609168052673e-02
3.241205960512161255e-02
3.240863978862762451e-02
3.240492194890975952e-02
3.240158036351203918e-02
3.239773958921432495e-02
3.239497914910316467e-02
3.239091113209724426e-02
3.238757699728012085e-02
3.238401189446449280e-02
3.238018602132797241e-02
3.237702697515487671e-02
3.237300366163253784e-02
3.236907720565795898e-02
3.236595168709754944e-02
3.236231952905654907e-02
3.235870599746704102e-02
3.235457837581634521e-02
3.235083073377609253e-02
3.234738111495971680e-02
3.234366327524185181e-02
3.233969956636428833e-02
3.233572840690612793e-02
3.233184292912483215e-02
3.232842311263084412e-02
3.232439234852790833e-02
3.232048451900482178e-02
3.231671079993247986e-02
3.231297433376312256e-02
3.230864182114601135e-02
3.230487182736396790e-02
3.230103477835655212e-02
3.229727596044540405e-02
3.229321911931037903e-02
3.228883817791938782e-02
3.228490799665451050e-02
3.228088468313217163e-02
3.227717801928520203e-02
3.227299824357032776e-02
3.226908296346664429e-02
3.226484730839729309e-02
3.226066380739212036e-02
3.225625306367874146e-02
3.225280717015266418e-02
3.224823623895645142e-02
3.224427253007888794e-02
3.223976492881774902e-02
3.223577514290809631e-02
3.223173692822456360e-02
3.222697228193283081e-02
3.222260624170303345e-02
3.221866860985755920e-02
3.221406415104866028e-02
3.220974653959274292e-02
3.220558911561965942e-02
3.220130130648612976e-02
3.219657763838768005e-02
3.219232335686683655e-02
3.218848630785942078e-02
3.218381851911544800e-02
3.217918053269386292e-02
3.217440471053123474e-02
3.217028826475143433e-02
3.216578438878059387e-02
3.216115757822990417e-02
3.215656429529190063e-02
3.215244784951210022e-02
3.214757889509201050e-02
3.214247152209281921e-02
3.213813528418540955e-02
3.213354200124740601e-02
3.212863951921463013e-02
3.212431445717811584e-02
3.211933746933937073e-02
3.211446478962898254e-02
3.210978955030441284e-02
3.210543468594551086e-02
3.210031241178512573e-02
3.209534659981727600e-02
3.209105506539344788e-02
3.208630159497261047e-02
3.208083659410476685e-02
3.207584470510482788e-02
3.207083791494369507e-02
3.206591680645942688e-02
3.206074610352516174e-02
3.205645084381103516e-02
3.205121308565139771e-02
3.204586356878280640e-02
3.204108402132987976e-02
3.203606978058815002e-02
3.203058987855911255e-02
3.202541917562484741e-02
3.202038258314132690e-02
3.201518580317497253e-02
3.201029822230339050e-02
3.200491890311241150e-02
3.199938684701919556e-02
3.199406713247299194e-02
3.198882564902305603e-02
3.198360651731491089e-02
3.197807818651199341e-02
3.197284787893295288e-02
3.196747228503227234e-02
3.196190670132637024e-02
3.195651620626449585e-02
3.195111453533172607e-02
3.194529190659523010e-02
3.193987533450126648e-02
3.193431347608566284e-02
3.192859143018722534e-02
3.192324191331863403e-02
3.191704303026199341e-02
3.191162645816802979e-02
3.190615028142929077e-02
3.190027177333831787e-02
3.189440816640853882e-02
3.188859298825263977e-02
3.188279271125793457e-02
3.187714144587516785e-02
3.187103942036628723e-02
3.186495229601860046e-02
3.185958042740821838e-02
3.185340017080307007e-02
3.184764832258224487e-02
3.184163197875022888e-02
3.183562308549880981e-02
3.182972967624664307e-02
3.182346373796463013e-02
3.181705996394157410e-02
3.181079775094985962e-02
3.180474787950515747e-02
3.179888799786567688e-02
3.179217129945755005e-02
3.178611025214195251e-02
3.177965432405471802e-02
3.177364915609359741e-02
3.176709637045860291e-02
3.176013752818107605e-02
3.175410255789756775e-02
3.174744546413421631e-02
3.174116462469100952e-02
3.173436596989631653e-02
3.172833099961280823e-02
3.172128647565841675e-02
3.171479329466819763e-02
3.170838952064514160e-02
3.170185536146163940e-02
3.169472143054008484e-02
3.168779984116554260e-02
3.168118745088577271e-02
3.167394548654556274e-02
3.166669979691505432e-02
3.165998309850692749e-02
3.165309503674507141e-02
3.164608031511306763e-02
3.163915127515792847e-02
3.163235634565353394e-02
3.162490576505661011e-02
3.161774948239326477e-02
3.161115199327468872e-02
3.160315379500389099e-02
3.159640729427337646e-02
3.158883005380630493e-02
3.158196434378623962e-02
3.157437220215797424e-02
3.156678006052970886e-02
3.155902028083801270e-02
3.155193105340003967e-02
3.154435381293296814e-02
3.153605014085769653e-02
3.152879327535629272e-02
3.152134269475936890e-02
3.151369094848632812e-02
3.150561079382896423e-02
3.149797767400741577e-02
3.148997575044631958e-02
3.148164972662925720e-02
3.147397562861442566e-02
3.146576136350631714e-02
3.145786374807357788e-02
3.145027533173561096e-02
3.144191205501556396e-02
3.143311291933059692e-02
3.142524510622024536e-02
3.141697123646736145e-02
3.140856698155403137e-02
3.140004724264144897e-02
3.139207512140274048e-02
3.138323500752449036e-02
3.137481957674026489e-02
3.136663511395454407e-02
3.135719150304794312e-02
3.134884685277938843e-02
3.134008496999740601e-02
3.133118152618408203e-02
3.132274746894836426e-02
3.131387755274772644e-02
3.130473569035530090e-02
3.129553049802780151e-02
3.128640353679656982e-02
3.127774968743324280e-02
3.126856684684753418e-02
3.125866502523422241e-02
3.124963305890560150e-02
3.124030865728855133e-02
3.123139403760433197e-02
3.122159838676452637e-02
3.121154941618442535e-02
3.120223805308341980e-02
3.119229711592197418e-02
3.118273243308067322e-02
3.117314539849758148e-02
3.116295300424098969e-02
3.115313686430454254e-02
3.114299476146697998e-02
3.113310970366001129e-02
3.112315759062767029e-02
3.111284039914608002e-02
3.110232390463352203e-02
3.109210729598999023e-02
3.108140826225280762e-02
3.107125684618949890e-02
3.106029704213142395e-02
3.104998543858528137e-02
3.103933669626712799e-02
3.102830424904823303e-02
3.101743385195732117e-02
3.100654482841491699e-02
3.099548444151878357e-02
3.098433651030063629e-02
3.097340837121009827e-02
3.096206113696098328e-02
3.095086850225925446e-02
3.093885444104671478e-02
3.092774190008640289e-02
3.091603890061378479e-02
3.090428188443183899e-02
3.089227154850959778e-02
3.088056109845638275e-02
3.086873330175876617e-02
3.085682354867458344e-02
3.084455989301204681e-02
3.083234466612339020e-02
3.082006238400936127e-02
3.080774284899234772e-02
3.079491294920444489e-02
3.078246116638183594e-02
3.076966479420661926e-02
3.075728379189968109e-02
3.074401989579200745e-02
3.073100373148918152e-02
3.071808442473411560e-02
3.070504963397979736e-02
3.069167770445346832e-02
3.067765012383460999e-02
3.066463768482208252e-02
3.065068461000919342e-02
3.063688799738883972e-02
3.062295913696289062e-02
3.060871362686157227e-02
3.059509955346584320e-02
3.058075904846191406e-02
3.056643530726432800e-02
3.055114112794399261e-02
3.053728118538856506e-02
3.052243217825889587e-02
3.050732985138893127e-02
3.049232438206672668e-02
3.047699108719825745e-02
3.046200051903724670e-02
3.044637478888034821e-02
3.043120726943016052e-02
3.041502460837364197e-02
3.039972484111785889e-02
3.038369491696357727e-02
3.036722913384437561e-02
3.035103157162666321e-02
3.033494018018245697e-02
3.031820431351661682e-02
3.030106797814369202e-02
