2.673827409744262695e-01
8.051611781120300293e-01
2.291101962327957153e-01
2.321862429380416870e-01
4.279155731201171875e-01
3.561373949050903320e-01
1.985360980033874512e-01
1.580764353275299072e-01
2.310313284397125244e-01
2.839041054248809814e-01
2.512113749980926514e-01
1.855793744325637817e-01
1.541486978530883789e-01
1.718117892742156982e-01
2.049912512302398682e-01
2.147302329540252686e-01
1.943478882312774658e-01
1.661359518766403198e-01
1.539925485849380493e-01
1.632316410541534424e-01
1.798484772443771362e-01
1.860546171665191650e-01
1.768588274717330933e-01
1.619099825620651245e-01
1.539880782365798950e-01
1.574878394603729248e-01
1.663179397583007812e-01
1.709815710783004761e-01
1.673596650362014771e-01
1.593274176120758057e-01
1.540336906909942627e-01
1.551383733749389648e-01
1.600203812122344971e-01
1.630211174488067627e-01
1.611770242452621460e-01
1.566227525472640991e-01
1.537329703569412231e-01
1.545985639095306396e-01
1.574055254459381104e-01
1.588024646043777466e-01
1.573816239833831787e-01
1.547546684741973877e-01
1.534981727600097656e-01
1.544358730316162109e-01
1.560384035110473633e-01
1.563306301832199097e-01
1.550407111644744873e-01
1.536377370357513428e-01
1.534854620695114136e-01
1.543875485658645630e-01
1.550369858741760254e-01
1.546227931976318359e-01
1.536568403244018555e-01
1.532049924135208130e-01
1.535905599594116211e-01
1.541119366884231567e-01
1.540164649486541748e-01
1.534112989902496338e-01
1.530120223760604858e-01
1.531727164983749390e-01
1.534939557313919067e-01
1.534365862607955933e-01
1.530255824327468872e-01
1.527500450611114502e-01
1.528467833995819092e-01
1.530136466026306152e-01
1.528878659009933472e-01
1.525713503360748291e-01
1.524185985326766968e-01
1.524939984083175659e-01
1.525058448314666748e-01
1.522932797670364380e-01
1.520591229200363159e-01
1.520106494426727295e-01
1.520156264305114746e-01
1.518607288599014282e-01
1.516196429729461670e-01
1.514972895383834839e-01
1.514437943696975708e-01
1.512715518474578857e-01
1.510262191295623779e-01
1.508722901344299316e-01
1.507528126239776611e-01
1.505161523818969727e-01
1.502525508403778076e-01
1.500694751739501953e-01
1.498427838087081909e-01
1.495252549648284912e-01
1.492588818073272705e-01
1.489892303943634033e-01
1.486173272132873535e-01
1.482695639133453369e-01
1.479132175445556641e-01
1.474618315696716309e-01
1.470439136028289795e-01
1.465560495853424072e-01
1.460150480270385742e-01
1.454722434282302856e-01
1.448244750499725342e-01
1.441895961761474609e-01
1.434242427349090576e-01
1.426570713520050049e-01
1.417794078588485718e-01
1.408229172229766846e-01
1.398287564516067505e-01
1.387415677309036255e-01
1.375849545001983643e-01
1.367564648389816284e-01
1.395528614521026611e-01
1.593587398529052734e-01
1.842015683650970459e-01
1.333763897418975830e-01
1.732647567987442017e-01
1.480866819620132446e-01
1.577174663543701172e-01
1.399264633655548096e-01
1.565637886524200439e-01
1.358512341976165771e-01
1.530497074127197266e-01
1.391225755214691162e-01
1.426014900207519531e-01
1.464150846004486084e-01
1.364048272371292114e-01
1.444322764873504639e-01
1.409125328063964844e-01
1.369336694478988647e-01
1.428274810314178467e-01
1.370890438556671143e-01
1.375708580017089844e-01
1.397795081138610840e-01
1.345619559288024902e-01
1.374271214008331299e-01
1.353641003370285034e-01
1.335147321224212646e-01
1.353305578231811523e-01
1.311705708503723145e-01
1.334522068500518799e-01
1.296943128108978271e-01
1.310908496379852295e-01
1.279053688049316406e-01
1.292121112346649170e-01
1.254855692386627197e-01
1.269531697034835815e-01
1.242593303322792053e-01
1.224464923143386841e-01
1.239513009786605835e-01
1.241734623908996582e-01
1.251485496759414673e-01
1.299691945314407349e-01
1.619600355625152588e-01
2.256449759006500244e-01
2.808474898338317871e-01
1.259714066982269287e-01
2.230851203203201294e-01
1.357616931200027466e-01
1.493355184793472290e-01
1.722477972507476807e-01
1.386198103427886963e-01
1.352159231901168823e-01
1.571362465620040894e-01
1.545650511980056763e-01
1.380817145109176636e-01
1.376308947801589966e-01
1.485054790973663330e-01
1.505912989377975464e-01
1.423565894365310669e-01
1.375910937786102295e-01
1.418004781007766724e-01
1.462653577327728271e-01
1.435974389314651489e-01
1.381110250949859619e-01
1.372325122356414795e-01
1.402670592069625854e-01
1.409992128610610962e-01
1.375843584537506104e-01
1.344208419322967529e-01
1.347580850124359131e-01
1.360867023468017578e-01
1.347387880086898804e-01
1.316966712474822998e-01
1.303958445787429810e-01
1.309622675180435181e-01
1.305086463689804077e-01
1.281949132680892944e-01
1.263560950756072998e-01
1.262256354093551636e-01
1.258950084447860718e-01
1.240328177809715271e-01
1.222840771079063416e-01
1.218585968017578125e-01
1.212869137525558472e-01
1.195846796035766602e-01
1.181676611304283142e-01
1.177353486418724060e-01
1.168194040656089783e-01
1.151937097311019897e-01
1.142798215150833130e-01
1.137040704488754272e-01
1.123834401369094849e-01
1.112085580825805664e-01
1.106565743684768677e-01
1.095868796110153198e-01
1.084027141332626343e-01
1.078067421913146973e-01
1.068478822708129883e-01
1.057832464575767517e-01
1.052079200744628906e-01
1.042550355195999146e-01
1.033744812011718750e-01
1.027897000312805176e-01
1.018433347344398499e-01
1.011995449662208557e-01
1.005186811089515686e-01
9.970909357070922852e-02
9.918826818466186523e-02
9.841121733188629150e-02
9.787682443857192993e-02
9.723676741123199463e-02
9.664605557918548584e-02
9.612776339054107666e-02
9.552528709173202515e-02
9.507834911346435547e-02
9.450130164623260498e-02
9.409201145172119141e-02
9.355957806110382080e-02
9.317819774150848389e-02
9.268932044506072998e-02
9.233058989048004150e-02
9.188494831323623657e-02
9.154725074768066406e-02
9.114374220371246338e-02
9.081903845071792603e-02
9.046088159084320068e-02
9.014351665973663330e-02
8.983150124549865723e-02
8.951815217733383179e-02
8.924601227045059204e-02
8.894425630569458008e-02
8.869502693414688110e-02
8.842064440250396729e-02
8.817596733570098877e-02
8.793846517801284790e-02
8.769467473030090332e-02
8.748281747102737427e-02
8.725597709417343140e-02
8.704924583435058594e-02
8.685051649808883667e-02
8.664642274379730225e-02
8.646432310342788696e-02
8.627770096063613892e-02
8.609775453805923462e-02
8.593104779720306396e-02
8.575935661792755127e-02
8.559892326593399048e-02
8.544454723596572876e-02
8.528832346200942993e-02
8.514275401830673218e-02
8.499968051910400391e-02
8.485764265060424805e-02
8.472456037998199463e-02
8.459223806858062744e-02
8.446253836154937744e-02
8.433973044157028198e-02
8.421780169010162354e-02
8.409861475229263306e-02
8.398529887199401855e-02
8.387266099452972412e-02
8.376314491033554077e-02
8.365797996520996094e-02
8.355359733104705811e-02
8.345269411802291870e-02
8.335508406162261963e-02
8.325856924057006836e-02
8.316501230001449585e-02
8.307436853647232056e-02
8.298530429601669312e-02
8.289839327335357666e-02
8.281441777944564819e-02
8.273146301507949829e-02
8.265093713998794556e-02
8.257269859313964844e-02
8.249588310718536377e-02
8.242101967334747314e-02
8.234808593988418579e-02
8.227698504924774170e-02
8.220704644918441772e-02
8.213945478200912476e-02
8.207315206527709961e-02
8.200818300247192383e-02
8.194519579410552979e-02
8.188327401876449585e-02
8.182290941476821899e-02
8.176396787166595459e-02
8.170636743307113647e-02
8.164997398853302002e-02
8.159476518630981445e-02
8.154096454381942749e-02
8.148801326751708984e-02
8.143640309572219849e-02
8.138591796159744263e-02
8.133656531572341919e-02
8.128812909126281738e-02
8.124096691608428955e-02
8.119438588619232178e-02
8.114872872829437256e-02
8.110411465167999268e-02
8.106026053428649902e-02
8.101717382669448853e-02
8.097480237483978271e-02
8.093328028917312622e-02
8.089246600866317749e-02
8.085219562053680420e-02
8.081263303756713867e-02
8.077365159988403320e-02
8.073525130748748779e-02
8.069728314876556396e-02
8.065980672836303711e-02
8.062298595905303955e-02
8.058651536703109741e-02
8.055033534765243530e-02
8.051457256078720093e-02
8.047911524772644043e-02
8.044391870498657227e-02
8.040913194417953491e-02
8.037456125020980835e-02
8.034012466669082642e-02
8.030585944652557373e-02
8.027172833681106567e-02
8.023776859045028687e-02
8.020381629467010498e-02
8.016998320817947388e-02
8.013613522052764893e-02
8.010270446538925171e-02
8.006992191076278687e-02
8.004075288772583008e-02
8.002848923206329346e-02
8.010189235210418701e-02
8.067677915096282959e-02
8.401314169168472290e-02
1.054205447435379028e-01
1.419371068477630615e-01
2.066902667284011841e-01
1.161035522818565369e-01
1.199304461479187012e-01
1.164292097091674805e-01
8.064148575067520142e-02
9.645005315542221069e-02
1.039902940392494202e-01
9.569884836673736572e-02
8.450879156589508057e-02
8.026375621557235718e-02
8.335159718990325928e-02
8.769055455923080444e-02
8.822174370288848877e-02
8.511533588171005249e-02
8.143359422683715820e-02
7.938423752784729004e-02
7.923248410224914551e-02
8.011356741189956665e-02
8.102189004421234131e-02
8.133163303136825562e-02
8.089651167392730713e-02
7.992858439683914185e-02
7.880219817161560059e-02
7.786863297224044800e-02
7.732973247766494751e-02
7.719343900680541992e-02
7.731205224990844727e-02
7.747028768062591553e-02
7.748975604772567749e-02
7.729160785675048828e-02
7.690615952014923096e-02
7.643186300992965698e-02
7.597994059324264526e-02
7.562597095966339111e-02
7.539411634206771851e-02
7.526130229234695435e-02
7.517933845520019531e-02
7.509641349315643311e-02
7.497452944517135620e-02
7.479799538850784302e-02
7.457137107849121094e-02
7.431443035602569580e-02
7.405174523591995239e-02
7.380428165197372437e-02
7.358437031507492065e-02
7.339344918727874756e-02
7.322344928979873657e-02
7.306180894374847412e-02
7.289514690637588501e-02
7.271434366703033447e-02
7.251506298780441284e-02
7.229815423488616943e-02
7.206932455301284790e-02
7.183381170034408569e-02
7.159809768199920654e-02
7.136406004428863525e-02
7.113249599933624268e-02
7.090181112289428711e-02
7.066856324672698975e-02
7.042916119098663330e-02
7.018120586872100830e-02
6.992221623659133911e-02
6.965203583240509033e-02
6.937040388584136963e-02
6.907854974269866943e-02
6.877713650465011597e-02
6.846656650304794312e-02
6.814725697040557861e-02
6.781856715679168701e-02
6.748005747795104980e-02
6.712970882654190063e-02
6.676634401082992554e-02
6.638877838850021362e-02
6.599593162536621094e-02
6.558622419834136963e-02
6.515945494174957275e-02
6.471423804759979248e-02
6.425026804208755493e-02
6.376657634973526001e-02
6.326186656951904297e-02
6.273549795150756836e-02
6.218624114990234375e-02
6.161234527826309204e-02
6.101256608963012695e-02
6.038493663072586060e-02
5.972788482904434204e-02
5.903989076614379883e-02
5.831924080848693848e-02
5.756362527608871460e-02
5.677192658185958862e-02
5.594195052981376648e-02
5.507223680615425110e-02
5.416070669889450073e-02
5.320634692907333374e-02
5.220671743154525757e-02
5.116117000579833984e-02
5.006880685687065125e-02
4.892865568399429321e-02
4.774130135774612427e-02
4.650760069489479065e-02
4.522931203246116638e-02
4.390989616513252258e-02
4.255418851971626282e-02
4.116854071617126465e-02
3.976245597004890442e-02
3.834738582372665405e-02
3.693711012601852417e-02
3.554889559745788574e-02
3.420269861817359924e-02
3.292078524827957153e-02
3.172672539949417114e-02
3.064476512372493744e-02
2.969768643379211426e-02
2.890419028699398041e-02
2.827720902860164642e-02
2.782051637768745422e-02
2.752729132771492004e-02
2.737924084067344666e-02
2.734803035855293274e-02
2.739813365042209625e-02
2.749182656407356262e-02
2.759463712573051453e-02
2.767962217330932617e-02
2.772916853427886963e-02
2.773660793900489807e-02
2.770303748548030853e-02
2.763589844107627869e-02
2.754626236855983734e-02
2.744678221642971039e-02
2.734938822686672211e-02
2.726396918296813965e-02
2.719637379050254822e-02
2.714869007468223572e-02
2.711902000010013580e-02
2.710258401930332184e-02
2.709338068962097168e-02
2.708532288670539856e-02
2.707361616194248199e-02
2.705543674528598785e-02
2.702992036938667297e-02
2.699807286262512207e-02
2.696191146969795227e-02
2.692396566271781921e-02
2.688679099082946777e-02
2.685234509408473969e-02
2.682218514382839203e-02
2.679708227515220642e-02
2.677745744585990906e-02
2.676315233111381531e-02
2.675386704504489899e-02
2.674902044236660004e-02
2.674781344830989838e-02
2.674932219088077545e-02
2.675221860408782959e-02
2.675558999180793762e-02
2.675827965140342712e-02
2.675940096378326416e-02
2.675845660269260406e-02
2.675530314445495605e-02
2.674992941319942474e-02
