2.673827409744262695e-01
1.274673223495483398e+00
2.455796301364898682e-01
3.102030158042907715e-01
6.140955686569213867e-01
4.995359778404235840e-01
2.484997808933258057e-01
1.545149385929107666e-01
2.478110492229461670e-01
3.541552126407623291e-01
3.416464924812316895e-01
2.481319457292556763e-01
1.696063429117202759e-01
1.573462784290313721e-01
1.963760703802108765e-01
2.378249168395996094e-01
2.450577020645141602e-01
2.169142663478851318e-01
1.780540794134140015e-01
1.553392112255096436e-01
1.594935208559036255e-01
1.804557740688323975e-01
1.975283920764923096e-01
1.968399584293365479e-01
1.807286292314529419e-01
1.624074578285217285e-01
1.539544910192489624e-01
1.581069678068161011e-01
1.683675944805145264e-01
1.753861606121063232e-01
1.739778667688369751e-01
1.659035682678222656e-01
1.573481857776641846e-01
1.538488864898681641e-01
1.564842909574508667e-01
1.617513746023178101e-01
1.648218929767608643e-01
1.633542925119400024e-01
1.588457375764846802e-01
1.548537760972976685e-01
1.539502441883087158e-01
1.559657156467437744e-01
1.585717797279357910e-01
1.594235599040985107e-01
1.579474508762359619e-01
1.554877460002899170e-01
1.539529561996459961e-01
1.542268693447113037e-01
1.556237637996673584e-01
1.566819846630096436e-01
1.564679890871047974e-01
1.552616804838180542e-01
1.541227251291275024e-01
1.538870483636856079e-01
1.545019447803497314e-01
1.552211940288543701e-01
1.553422212600708008e-01
1.548001468181610107e-01
1.541137397289276123e-01
1.538483947515487671e-01
1.541095823049545288e-01
1.545293033123016357e-01
1.546657234430313110e-01
1.544069349765777588e-01
1.540209650993347168e-01
1.538470387458801270e-01
1.539777666330337524e-01
1.542124897241592407e-01
1.542928367853164673e-01
1.541492044925689697e-01
1.539345234632492065e-01
1.538470089435577393e-01
1.539293527603149414e-01
1.540579646825790405e-01
1.540882140398025513e-01
1.539941579103469849e-01
1.538805067539215088e-01
1.538502722978591919e-01
1.539098769426345825e-01
1.539754420518875122e-01
1.539732664823532104e-01
1.539109498262405396e-01
1.538546532392501831e-01
1.538538038730621338e-01
1.538946330547332764e-01
1.539241373538970947e-01
1.539076417684555054e-01
1.538684666156768799e-01
1.538465470075607300e-01
1.538595259189605713e-01
1.538843661546707153e-01
1.538886278867721558e-01
1.538710147142410278e-01
1.538506746292114258e-01
1.538490355014801025e-01
1.538619250059127808e-01
1.538716852664947510e-01
1.538664251565933228e-01
1.538526117801666260e-01
1.538465470075607300e-01
1.538518965244293213e-01
1.538596898317337036e-01
1.538606584072113037e-01
1.538547277450561523e-01
1.538479030132293701e-01
1.538473069667816162e-01
1.538549512624740601e-01
1.538549512624740601e-01
1.538520306348800659e-01
1.538475155830383301e-01
1.538468599319458008e-01
1.538508236408233643e-01
1.538515537977218628e-01
1.538500785827636719e-01
1.538471877574920654e-01
1.538472324609756470e-01
1.538486182689666748e-01
1.538494080305099487e-01
1.538492888212203979e-01
1.538473069667816162e-01
1.538458168506622314e-01
1.538475453853607178e-01
1.538482457399368286e-01
1.538482010364532471e-01
1.538467854261398315e-01
1.538465172052383423e-01
1.538471281528472900e-01
1.538475006818771362e-01
1.538471430540084839e-01
1.538471281528472900e-01
1.538462191820144653e-01
1.538470536470413208e-01
1.538470685482025146e-01
1.538476496934890747e-01
1.538474112749099731e-01
1.538457572460174561e-01
1.538465768098831177e-01
1.538464576005935669e-01
1.538457423448562622e-01
1.538464277982711792e-01
1.538471430540084839e-01
1.538462191820144653e-01
1.538466662168502808e-01
1.538468152284622192e-01
1.538460552692413330e-01
1.538469791412353516e-01
1.538464128971099854e-01
1.538463383913040161e-01
1.538461893796920776e-01
1.538458764553070068e-01
1.538465321063995361e-01
1.538461744785308838e-01
1.538464874029159546e-01
1.538459062576293945e-01
1.538458913564682007e-01
1.538463532924652100e-01
1.538463830947875977e-01
1.538459956645965576e-01
1.538453847169876099e-01
1.538476645946502686e-01
1.538468152284622192e-01
1.538463979959487915e-01
1.538458019495010376e-01
1.538466662168502808e-01
1.538462191820144653e-01
1.538460105657577515e-01
1.538452804088592529e-01
1.538465619087219238e-01
1.538460999727249146e-01
1.538456082344055176e-01
1.538467109203338623e-01
1.538459062576293945e-01
1.538453996181488037e-01
1.538453996181488037e-01
1.538458615541458130e-01
1.538450568914413452e-01
1.538458764553070068e-01
1.538455039262771606e-01
1.538456082344055176e-01
1.538456976413726807e-01
1.538458019495010376e-01
1.538461744785308838e-01
1.538461148738861084e-01
1.538460254669189453e-01
1.538448184728622437e-01
1.538458168506622314e-01
1.538462936878204346e-01
1.538463681936264038e-01
1.538459807634353638e-01
1.538455188274383545e-01
1.538455784320831299e-01
1.538452208042144775e-01
1.538459956645965576e-01
1.538458913564682007e-01
1.538450568914413452e-01
1.538449823856353760e-01
1.538459807634353638e-01
1.538453996181488037e-01
1.538472473621368408e-01
1.538453400135040283e-01
1.538460999727249146e-01
1.538456529378890991e-01
1.538453400135040283e-01
1.538452804088592529e-01
1.538456678390502930e-01
1.538449823856353760e-01
1.538451015949249268e-01
1.538453400135040283e-01
1.538451313972473145e-01
1.538444012403488159e-01
1.538456678390502930e-01
1.538448035717010498e-01
1.538450717926025391e-01
1.538452208042144775e-01
1.538455039262771606e-01
1.538462340831756592e-01
1.538454890251159668e-01
1.538465768098831177e-01
1.538454592227935791e-01
1.538458317518234253e-01
1.538454145193099976e-01
1.538451462984085083e-01
1.538451462984085083e-01
1.538455933332443237e-01
1.538450419902801514e-01
1.538451164960861206e-01
1.538449525833129883e-01
1.538449227809906006e-01
1.538442820310592651e-01
1.538450866937637329e-01
1.538446992635726929e-01
1.538450270891189575e-01
1.538446843624114990e-01
1.538443863391876221e-01
1.538448035717010498e-01
1.538446396589279175e-01
1.538451164960861206e-01
1.538443863391876221e-01
1.538450270891189575e-01
1.538454294204711914e-01
1.538449227809906006e-01
1.538450568914413452e-01
1.538441330194473267e-01
1.538452804088592529e-01
1.538438796997070312e-01
1.538446694612503052e-01
1.538444310426712036e-01
1.538451015949249268e-01
1.538449972867965698e-01
1.538446843624114990e-01
1.538460552692413330e-01
1.538445502519607544e-01
1.538434326648712158e-01
1.538446843624114990e-01
1.538444012403488159e-01
1.538436412811279297e-01
1.538456678390502930e-01
1.538445502519607544e-01
1.538456231355667114e-01
1.538444012403488159e-01
1.538456976413726807e-01
1.538445055484771729e-01
1.538451015949249268e-01
1.538445651531219482e-01
1.538449525833129883e-01
1.538442969322204590e-01
1.538442671298980713e-01
1.538440138101577759e-01
1.538448333740234375e-01
1.538440734148025513e-01
1.538447141647338867e-01
1.538438647985458374e-01
1.538448035717010498e-01
1.538444757461547852e-01
1.538435965776443481e-01
1.538437902927398682e-01
1.538448482751846313e-01
1.538436710834503174e-01
1.538440436124801636e-01
1.538439691066741943e-01
1.538430005311965942e-01
1.538451761007308960e-01
1.538436710834503174e-01
1.538439840078353882e-01
1.538438349962234497e-01
1.538447439670562744e-01
1.538433581590652466e-01
1.538441032171249390e-01
1.538430154323577881e-01
1.538433730602264404e-01
1.538430899381637573e-01
1.538435667753219604e-01
1.538431644439697266e-01
1.538433581590652466e-01
1.538431793451309204e-01
1.538437306880950928e-01
1.538438498973846436e-01
1.538432538509368896e-01
1.538446694612503052e-01
1.538434922695159912e-01
1.538442075252532959e-01
1.538435518741607666e-01
1.538429111242294312e-01
1.538440436124801636e-01
1.538437902927398682e-01
1.538431793451309204e-01
1.538440883159637451e-01
1.538430601358413696e-01
1.538437753915786743e-01
1.538433134555816650e-01
1.538437753915786743e-01
1.538438946008682251e-01
1.538425236940383911e-01
1.538430750370025635e-01
1.538435071706771851e-01
1.538427174091339111e-01
1.538430899381637573e-01
1.538433581590652466e-01
1.538433730602264404e-01
1.538428068161010742e-01
1.538427621126174927e-01
1.538431644439697266e-01
1.538443565368652344e-01
1.538430452346801758e-01
1.538423448801040649e-01
1.538429409265518188e-01
1.538430154323577881e-01
1.538422405719757080e-01
1.538427174091339111e-01
1.538424044847488403e-01
1.538426578044891357e-01
1.538427621126174927e-01
1.538419425487518311e-01
1.538429856300354004e-01
1.538428366184234619e-01
1.538425981998443604e-01
1.538426429033279419e-01
1.538425683975219727e-01
1.538415849208831787e-01
1.538421213626861572e-01
1.538423001766204834e-01
1.538424789905548096e-01
1.538419872522354126e-01
1.538429409265518188e-01
1.538420915603637695e-01
1.538422405719757080e-01
1.538421064615249634e-01
1.538420319557189941e-01
1.538424044847488403e-01
1.538417786359786987e-01
1.538420617580413818e-01
1.538417786359786987e-01
1.538422405719757080e-01
1.538426578044891357e-01
1.538418829441070557e-01
1.538420766592025757e-01
1.538417935371398926e-01
1.538422852754592896e-01
1.538415700197219849e-01
1.538421958684921265e-01
1.538426280021667480e-01
1.538425683975219727e-01
1.538423448801040649e-01
1.538425981998443604e-01
1.538416892290115356e-01
1.538409441709518433e-01
1.538420021533966064e-01
1.538413614034652710e-01
1.538423448801040649e-01
1.538415104150772095e-01
1.538424491882324219e-01
1.538415253162384033e-01
1.538420766592025757e-01
1.538412719964981079e-01
1.538415253162384033e-01
1.538411080837249756e-01
1.538415700197219849e-01
1.538403332233428955e-01
1.538429558277130127e-01
1.538415700197219849e-01
1.538412570953369141e-01
1.538413017988204956e-01
1.538414061069488525e-01
1.538409739732742310e-01
1.538414955139160156e-01
1.538420021533966064e-01
1.538408994674682617e-01
1.538410037755966187e-01
1.538410484790802002e-01
1.538418680429458618e-01
1.538408100605010986e-01
1.538421213626861572e-01
1.538407355546951294e-01
1.538409739732742310e-01
1.538404226303100586e-01
1.538408249616622925e-01
1.538422405719757080e-01
1.538405567407608032e-01
1.538412123918533325e-01
1.538409292697906494e-01
1.538409739732742310e-01
1.538407951593399048e-01
1.538402140140533447e-01
1.538405120372772217e-01
1.538403183221817017e-01
1.538413316011428833e-01
1.538405716419219971e-01
1.538403928279876709e-01
1.538412868976593018e-01
1.538399606943130493e-01
1.538406163454055786e-01
1.538404226303100586e-01
1.538407355546951294e-01
1.538400948047637939e-01
1.538406312465667725e-01
1.538397520780563354e-01
1.538399159908294678e-01
1.538402587175369263e-01
1.538408249616622925e-01
1.538404226303100586e-01
1.538395136594772339e-01
1.538402736186981201e-01
1.538397073745727539e-01
1.538400650024414062e-01
1.538397371768951416e-01
1.538398265838623047e-01
1.538395583629608154e-01
1.538403034210205078e-01
1.538399755954742432e-01
1.538396775722503662e-01
1.538399308919906616e-01
1.538387537002563477e-01
1.538397967815399170e-01
1.538402140140533447e-01
1.538392752408981323e-01
1.538395136594772339e-01
1.538393199443817139e-01
1.538391858339309692e-01
1.538392305374145508e-01
1.538388431072235107e-01
1.538395136594772339e-01
1.538390219211578369e-01
1.538389921188354492e-01
1.538388282060623169e-01
1.538395136594772339e-01
1.538390070199966431e-01
1.538393944501876831e-01
1.538386195898056030e-01
1.538397818803787231e-01
1.538396775722503662e-01
1.538384258747100830e-01
1.538392603397369385e-01
1.538392007350921631e-01
1.538382768630981445e-01
1.538396179676055908e-01
1.538394391536712646e-01
1.538400352001190186e-01
1.538382023572921753e-01
1.538389027118682861e-01
1.538379639387130737e-01
1.538382768630981445e-01
1.538390219211578369e-01
1.538387537002563477e-01
1.538385599851608276e-01
1.538384556770324707e-01
1.538390219211578369e-01
1.538378000259399414e-01
1.538383215665817261e-01
1.538389474153518677e-01
1.538386046886444092e-01
1.538387238979339600e-01
1.538375169038772583e-01
1.538378298282623291e-01
1.538388282060623169e-01
1.538379937410354614e-01
1.538392007350921631e-01
1.538378000259399414e-01
1.538379043340682983e-01
1.538381576538085938e-01
1.538377702236175537e-01
1.538381576538085938e-01
1.538376063108444214e-01
1.538379639387130737e-01
1.538376510143280029e-01
1.538378298282623291e-01
1.538378894329071045e-01
1.538375169038772583e-01
1.538369655609130859e-01
1.538376957178115845e-01
1.538376510143280029e-01
1.538377106189727783e-01
1.538374871015548706e-01
1.538368016481399536e-01
1.538380533456802368e-01
1.538378745317459106e-01
1.538378298282623291e-01
1.538372635841369629e-01
1.538372784852981567e-01
1.538366824388504028e-01
1.538380384445190430e-01
1.538369208574295044e-01
