2.699829638004302979e-01
2.350601255893707275e-01
2.056127339601516724e-01
1.825557053089141846e-01
1.658250689506530762e-01
1.547816544771194458e-01
1.506448686122894287e-01
1.539405882358551025e-01
1.604377478361129761e-01
1.644605696201324463e-01
1.644904911518096924e-01
1.616854369640350342e-01
1.577183753252029419e-01
1.538694947957992554e-01
1.508515328168869019e-01
1.489125192165374756e-01
1.480037569999694824e-01
1.479223668575286865e-01
1.484037786722183228e-01
1.491664052009582520e-01
1.499343216419219971e-01
1.504704952239990234e-01
1.506385505199432373e-01
1.504342257976531982e-01
1.499539166688919067e-01
1.493360400199890137e-01
1.487092077732086182e-01
1.481657326221466064e-01
1.477554291486740112e-01
1.474931538105010986e-01
1.473685503005981445e-01
1.473543345928192139e-01
1.474117934703826904e-01
1.474964618682861328e-01
1.475644707679748535e-01
1.475790143013000488e-01
1.475165188312530518e-01
1.473688781261444092e-01
1.471469700336456299e-01
1.468770205974578857e-01
1.465949714183807373e-01
1.463350355625152588e-01
1.461193710565567017e-01
1.459504067897796631e-01
1.458126753568649292e-01
1.456788033246994019e-01
1.455190181732177734e-01
1.453093141317367554e-01
1.450367420911788940e-01
1.446992456912994385e-01
1.443019211292266846e-01
1.438518762588500977e-01
1.433529704809188843e-01
1.428027451038360596e-01
1.421921700239181519e-01
1.415075510740280151e-01
1.407346427440643311e-01
1.398613005876541138e-01
1.388795077800750732e-01
1.377815455198287964e-01
1.365544348955154419e-01
1.351759433746337891e-01
1.336219012737274170e-01
1.318837255239486694e-01
1.299794763326644897e-01
1.279357820749282837e-01
1.257518827915191650e-01
1.234033703804016113e-01
1.209155097603797913e-01
1.183692067861557007e-01
1.158047765493392944e-01
1.132508516311645508e-01
1.108049005270004272e-01
1.085121780633926392e-01
1.063501462340354919e-01
1.044019907712936401e-01
1.026007682085037231e-01
1.009485349059104919e-01
9.942125529050827026e-02
9.796781837940216064e-02
9.660722315311431885e-02
9.534211456775665283e-02
9.428124129772186279e-02
9.334840625524520874e-02
9.224494546651840210e-02
9.099926054477691650e-02
9.036074578762054443e-02
9.000148624181747437e-02
8.912444114685058594e-02
8.830128610134124756e-02
8.810298889875411987e-02
8.788254112005233765e-02
8.727993816137313843e-02
8.679250627756118774e-02
8.676500618457794189e-02
8.669875562191009521e-02
8.621548861265182495e-02
8.577964454889297485e-02
8.569733053445816040e-02
8.567768335342407227e-02
8.538728952407836914e-02
8.491204679012298584e-02
8.464678376913070679e-02
8.461941778659820557e-02
8.454399555921554565e-02
8.427820354700088501e-02
8.390589058399200439e-02
8.366833627223968506e-02
8.350194990634918213e-02
8.345406502485275269e-02
8.372973650693893433e-02
8.420836925506591797e-02
8.504055440425872803e-02
8.385883271694183350e-02
8.278202265501022339e-02
8.335487544536590576e-02
8.345353603363037109e-02
8.259496837854385376e-02
8.264966309070587158e-02
8.295714110136032104e-02
8.236910402774810791e-02
8.226941525936126709e-02
8.259041607379913330e-02
8.217468857765197754e-02
8.198492228984832764e-02
8.225446939468383789e-02
8.200640976428985596e-02
8.173577487468719482e-02
8.192210644483566284e-02
8.193270117044448853e-02
8.156111836433410645e-02
8.156120777130126953e-02
8.176423609256744385e-02
8.159277588129043579e-02
8.133312314748764038e-02
8.124987781047821045e-02
8.137200027704238892e-02
8.155056089162826538e-02
8.155141025781631470e-02
8.148646354675292969e-02
8.121585100889205933e-02
8.098743855953216553e-02
8.087421953678131104e-02
8.085463941097259521e-02
8.095987141132354736e-02
8.127677440643310547e-02
8.231523633003234863e-02
8.354441076517105103e-02
8.394681662321090698e-02
8.085644990205764771e-02
8.198366314172744751e-02
8.270120620727539062e-02
8.063457161188125610e-02
8.254776149988174438e-02
8.094494789838790894e-02
8.162228018045425415e-02
8.108668029308319092e-02
8.113756030797958374e-02
8.110211044549942017e-02
8.095827698707580566e-02
8.096446096897125244e-02
8.081951737403869629e-02
8.084356784820556641e-02
8.076117932796478271e-02
8.069816976785659790e-02
8.068912476301193237e-02
8.059699833393096924e-02
8.062563836574554443e-02
8.049754798412322998e-02
8.055035024881362915e-02
8.043274283409118652e-02
8.047012984752655029e-02
8.037603646516799927e-02
8.038368076086044312e-02
8.033747971057891846e-02
8.029858022928237915e-02
8.030427247285842896e-02
8.020614087581634521e-02
8.027077466249465942e-02
8.013104647397994995e-02
8.022166788578033447e-02
8.009002357721328735e-02
8.012193441390991211e-02
8.009043335914611816e-02
8.000671863555908203e-02
8.005741983652114868e-02
7.997699081897735596e-02
7.993339002132415771e-02
7.996734231710433960e-02
7.991115748882293701e-02
7.984013110399246216e-02
7.983729988336563110e-02
7.986006885766983032e-02
7.987470924854278564e-02
7.988007366657257080e-02
7.996140420436859131e-02
8.023070544004440308e-02
8.140352368354797363e-02
8.368028700351715088e-02
8.713612705469131470e-02
8.023069053888320923e-02
8.307753503322601318e-02
8.228662610054016113e-02
8.157608658075332642e-02
8.123061805963516235e-02
8.155365288257598877e-02
8.031544089317321777e-02
8.175902068614959717e-02
8.006913959980010986e-02
8.107742667198181152e-02
8.073077350854873657e-02
8.018746227025985718e-02
8.098471164703369141e-02
8.027365803718566895e-02
8.030676841735839844e-02
8.070530742406845093e-02
8.008624613285064697e-02
8.031815290451049805e-02
8.044759184122085571e-02
8.002300560474395752e-02
8.025287836790084839e-02
8.024807274341583252e-02
7.997930049896240234e-02
8.019112050533294678e-02
8.010768145322799683e-02
7.994778454303741455e-02
8.012406527996063232e-02
8.000257611274719238e-02
7.993345707654953003e-02
8.005292713642120361e-02
7.992399483919143677e-02
7.992170006036758423e-02
7.997943460941314697e-02
7.986173033714294434e-02
7.990567386150360107e-02
7.989898324012756348e-02
7.982181012630462646e-02
7.987280189990997314e-02
7.981843501329421997e-02
7.979799807071685791e-02
7.981775701045989990e-02
7.975425571203231812e-02
7.977394014596939087e-02
7.974618673324584961e-02
7.971693575382232666e-02
7.972851395606994629e-02
7.968174666166305542e-02
7.969021797180175781e-02
7.966137677431106567e-02
7.964555919170379639e-02
7.963933050632476807e-02
7.960797846317291260e-02
7.960952818393707275e-02
7.957635074853897095e-02
7.957540452480316162e-02
7.954652607440948486e-02
7.954023778438568115e-02
7.951579988002777100e-02
7.950544357299804688e-02
7.948277890682220459e-02
7.947119325399398804e-02
7.944781333208084106e-02
7.943661510944366455e-02
7.941135019063949585e-02
7.940075546503067017e-02
7.937525957822799683e-02
7.936074584722518921e-02
7.934080809354782104e-02
7.931773364543914795e-02
7.930299639701843262e-02
7.927960157394409180e-02
7.925629615783691406e-02
7.923918962478637695e-02
7.921876758337020874e-02
7.919332385063171387e-02
7.916781306266784668e-02
7.914388924837112427e-02
7.912154495716094971e-02
7.910396158695220947e-02
7.911206781864166260e-02
7.929059863090515137e-02
8.088971674442291260e-02
9.235173463821411133e-02
1.311147063970565796e-01
8.180831372737884521e-02
1.078717485070228577e-01
8.558915555477142334e-02
8.237181603908538818e-02
8.973838388919830322e-02
8.718718588352203369e-02
8.255936205387115479e-02
8.292649686336517334e-02
8.401924371719360352e-02
8.284451067447662354e-02
8.255797624588012695e-02
8.398904651403427124e-02
8.428792655467987061e-02
8.260679244995117188e-02
8.102361857891082764e-02
8.105237782001495361e-02
8.195360004901885986e-02
8.230634033679962158e-02
8.189253509044647217e-02
8.144290745258331299e-02
8.137618005275726318e-02
8.142685890197753906e-02
8.122615516185760498e-02
8.083426952362060547e-02
8.062247931957244873e-02
8.077434450387954712e-02
8.105580508708953857e-02
8.111144602298736572e-02
8.088001608848571777e-02
8.060617744922637939e-02
8.050837367773056030e-02
8.056277781724929810e-02
8.060628920793533325e-02
8.055333048105239868e-02
8.046635985374450684e-02
8.044622838497161865e-02
8.049988746643066406e-02
8.053882420063018799e-02
8.049242198467254639e-02
8.039016276597976685e-02
8.031897246837615967e-02
8.032286167144775391e-02
8.036560565233230591e-02
8.038552105426788330e-02
8.036333322525024414e-02
8.032992482185363770e-02
8.031766861677169800e-02
8.032231032848358154e-02
8.031666278839111328e-02
8.029033243656158447e-02
8.026249706745147705e-02
8.025547116994857788e-02
8.026753365993499756e-02
8.027675002813339233e-02
8.026786148548126221e-02
8.024668693542480469e-02
8.022986352443695068e-02
8.022446930408477783e-02
8.022315055131912231e-02
8.021660894155502319e-02
8.020563423633575439e-02
8.019776642322540283e-02
8.019617199897766113e-02
8.019535243511199951e-02
8.018889278173446655e-02
8.017744123935699463e-02
8.016715943813323975e-02
8.016204833984375000e-02
8.016001433134078979e-02
8.015652745962142944e-02
8.015038818120956421e-02
8.014403283596038818e-02
8.013954758644104004e-02
8.013592660427093506e-02
8.013097941875457764e-02
8.012461662292480469e-02
8.011877536773681641e-02
8.011494576930999756e-02
8.011214435100555420e-02
8.010853826999664307e-02
8.010371029376983643e-02
8.009864389896392822e-02
8.009433746337890625e-02
8.009065687656402588e-02
8.008657395839691162e-02
8.008216321468353271e-02
8.007802814245223999e-02
8.007447421550750732e-02
8.007111400365829468e-02
8.006732165813446045e-02
8.006307482719421387e-02
8.005901426076889038e-02
8.005531877279281616e-02
8.005191385746002197e-02
8.004830777645111084e-02
8.004458248615264893e-02
8.004101365804672241e-02
8.003760874271392822e-02
8.003413677215576172e-02
8.003054559230804443e-02
8.002691715955734253e-02
8.002348244190216064e-02
8.002020418643951416e-02
8.001690357923507690e-02
8.001355826854705811e-02
8.001019805669784546e-02
8.000688999891281128e-02
8.000369369983673096e-02
8.000046759843826294e-02
7.999713718891143799e-02
7.999395579099655151e-02
7.999084889888763428e-02
7.998773455619812012e-02
7.998464256525039673e-02
7.998149096965789795e-02
7.997842133045196533e-02
7.997539639472961426e-02
7.997231930494308472e-02
7.996930181980133057e-02
7.996630668640136719e-02
7.996334135532379150e-02
7.996038347482681274e-02
7.995741069316864014e-02
7.995443046092987061e-02
7.995154708623886108e-02
7.994863390922546387e-02
7.994578033685684204e-02
7.994285970926284790e-02
7.994006574153900146e-02
7.993722707033157349e-02
7.993437349796295166e-02
7.993155717849731445e-02
7.992878556251525879e-02
7.992597669363021851e-02
7.992324978113174438e-02
7.992042601108551025e-02
7.991768419742584229e-02
7.991497218608856201e-02
7.991226017475128174e-02
7.990952581167221069e-02
7.990683615207672119e-02
7.990412414073944092e-02
7.990146428346633911e-02
7.989880442619323730e-02
7.989613711833953857e-02
7.989351451396942139e-02
7.989086955785751343e-02
7.988826185464859009e-02
7.988560944795608521e-02
7.988300919532775879e-02
7.988040149211883545e-02
7.987786084413528442e-02
7.987521588802337646e-02
7.987263798713684082e-02
7.987008988857269287e-02
7.986750453710556030e-02
7.986496388912200928e-02
7.986240833997726440e-02
7.985985279083251953e-02
7.985734939575195312e-02
7.985484600067138672e-02
7.985228300094604492e-02
7.984976470470428467e-02
7.984723895788192749e-02
7.984475791454315186e-02
7.984226197004318237e-02
7.983976602554321289e-02
7.983727753162384033e-02
7.983478903770446777e-02
7.983231544494628906e-02
7.982985675334930420e-02
7.982739806175231934e-02
7.982492446899414062e-02
7.982242107391357422e-02
7.981996238231658936e-02
7.981747388839721680e-02
7.981503754854202271e-02
7.981261610984802246e-02
7.981012761592864990e-02
7.980769127607345581e-02
7.980524003505706787e-02
7.980283349752426147e-02
7.980035990476608276e-02
7.979791611433029175e-02
7.979547977447509766e-02
7.979304343461990356e-02
7.979057729244232178e-02
7.978813350200653076e-02
7.978571951389312744e-02
7.978324592113494873e-02
7.978076487779617310e-02
7.977834343910217285e-02
7.977587729692459106e-02
7.977342605590820312e-02
7.977097481489181519e-02
7.976849377155303955e-02
7.976607978343963623e-02
7.976357638835906982e-02
7.976115494966506958e-02
7.975865900516510010e-02
7.975620031356811523e-02
7.975365966558456421e-02
7.975117862224578857e-02
7.974871993064880371e-02
7.974620163440704346e-02
7.974365353584289551e-02
7.974118739366531372e-02
7.973863929510116577e-02
7.973612844944000244e-02
7.973357290029525757e-02
7.973098754882812500e-02
7.972846925258636475e-02
7.972585409879684448e-02
7.972334325313568115e-02
7.972070574760437012e-02
7.971817255020141602e-02
7.971552759408950806e-02
