1	2.503186E-01
2	2.095848E-01
3	1.758500E-01
4	1.481365E-01
5	1.254615E-01
6	1.070265E-01
7	9.216827E-02
8	8.030029E-02
9	7.089613E-02
10	6.348772E-02
11	5.766837E-02
12	5.309765E-02
13	4.949838E-02
14	4.665166E-02
15	4.438788E-02
16	4.257651E-02
17	4.111811E-02
18	3.993643E-02
19	3.897278E-02
20	3.818244E-02
21	3.753028E-02
22	3.698819E-02
23	3.653474E-02
24	3.615242E-02
25	3.582697E-02
26	3.554703E-02
27	3.530321E-02
28	3.508732E-02
29	3.489301E-02
30	3.471475E-02
31	3.454747E-02
32	3.438753E-02
33	3.423081E-02
34	3.407397E-02
35	3.391385E-02
36	3.374697E-02
37	3.357007E-02
38	3.337901E-02
39	3.316941E-02
40	3.293560E-02
41	3.267042E-02
42	3.236475E-02
43	3.200545E-02
44	3.157585E-02
45	3.105123E-02
46	3.039704E-02
47	2.956284E-02
48	2.847750E-02
49	2.704442E-02
50	2.515057E-02
51	2.270835E-02
52	1.976080E-02
53	1.656471E-02
54	1.350919E-02
55	1.086978E-02
56	8.705587E-03
57	6.951550E-03
58	5.528302E-03
59	4.390299E-03
60	3.527234E-03
61	2.945847E-03
62	2.646957E-03
63	2.608413E-03
64	2.780615E-03
65	3.092900E-03
66	3.465715E-03
67	3.824627E-03
68	4.110578E-03
69	4.285798E-03
70	4.334944E-03
71	4.262037E-03
72	4.085843E-03
73	3.833851E-03
74	3.537616E-03
75	3.227430E-03
76	2.929453E-03
77	2.663622E-03
78	2.442869E-03
79	2.273190E-03
80	2.154705E-03
81	2.082867E-03
82	2.050061E-03
83	2.047061E-03
84	2.064284E-03
85	2.092685E-03
86	2.124469E-03
87	2.153468E-03
88	2.175160E-03
89	2.186716E-03
90	2.186828E-03
91	2.175589E-03
92	2.153987E-03
93	2.123867E-03
94	2.087381E-03
95	2.047087E-03
96	2.005467E-03
97	1.964811E-03
98	1.926946E-03
99	1.893378E-03
100	1.864988E-03
101	1.842116E-03
102	1.824625E-03
103	1.811918E-03
104	1.803135E-03
105	1.797192E-03
106	1.792949E-03
107	1.789357E-03
108	1.785521E-03
109	1.780750E-03
110	1.774598E-03
111	1.766900E-03
112	1.757666E-03
113	1.747109E-03
114	1.735587E-03
115	1.723527E-03
116	1.711273E-03
117	1.699239E-03
118	1.687737E-03
119	1.676953E-03
120	1.666997E-03
121	1.657944E-03
122	1.649643E-03
123	1.642041E-03
124	1.634995E-03
125	1.628319E-03
126	1.621854E-03
127	1.615447E-03
128	1.608944E-03
129	1.602364E-03
130	1.595561E-03
131	1.588595E-03
132	1.581475E-03
133	1.574245E-03
134	1.566916E-03
135	1.559540E-03
136	1.552262E-03
137	1.545034E-03
138	1.537954E-03
139	1.530980E-03
140	1.524178E-03
141	1.517532E-03
142	1.511044E-03
143	1.504621E-03
144	1.498312E-03
145	1.492069E-03
146	1.485880E-03
147	1.479721E-03
148	1.473574E-03
149	1.467441E-03
150	1.461308E-03
151	1.455201E-03
152	1.449111E-03
153	1.443051E-03
154	1.437046E-03
155	1.431056E-03
156	1.425124E-03
157	1.419250E-03
158	1.413442E-03
159	1.407673E-03
160	1.401966E-03
161	1.396338E-03
162	1.390701E-03
163	1.385117E-03
164	1.379584E-03
165	1.374069E-03
166	1.368596E-03
167	1.363134E-03
168	1.357697E-03
169	1.352292E-03
170	1.346911E-03
171	1.341553E-03
172	1.336223E-03
173	1.330919E-03
174	1.325655E-03
175	1.320403E-03
176	1.315201E-03
177	1.310025E-03
178	1.304865E-03
179	1.299738E-03
180	1.294647E-03
181	1.289577E-03
182	1.284528E-03
183	1.279510E-03
184	1.274507E-03
185	1.269562E-03
186	1.264590E-03
187	1.259668E-03
188	1.254766E-03
189	1.249883E-03
190	1.245028E-03
191	1.240194E-03
192	1.235401E-03
193	1.230603E-03
194	1.225816E-03
195	1.221071E-03
196	1.216348E-03
197	1.211643E-03
198	1.206949E-03
199	1.202282E-03
200	1.197636E-03
201	1.193003E-03
202	1.188389E-03
203	1.183796E-03
204	1.179226E-03
205	1.174660E-03
206	1.170114E-03
207	1.165584E-03
208	1.161080E-03
209	1.156586E-03
210	1.152096E-03
211	1.147644E-03
212	1.143200E-03
213	1.138764E-03
214	1.134346E-03
215	1.129955E-03
216	1.125563E-03
217	1.121191E-03
218	1.116833E-03
219	1.112488E-03
220	1.108159E-03
221	1.103849E-03
222	1.099550E-03
223	1.095259E-03
224	1.090986E-03
225	1.086726E-03
226	1.082478E-03
227	1.078248E-03
228	1.074018E-03
229	1.069812E-03
230	1.065615E-03
231	1.061427E-03
232	1.057253E-03
233	1.053093E-03
234	1.048939E-03
235	1.044804E-03
236	1.040680E-03
237	1.036564E-03
238	1.032461E-03
239	1.028368E-03
240	1.024294E-03
241	1.020216E-03
242	1.016159E-03
243	1.012114E-03
244	1.008077E-03
245	1.004053E-03
246	1.000031E-03
247	9.960311E-04
248	9.920417E-04
249	9.880548E-04
250	9.840878E-04
251	9.801222E-04
252	9.761721E-04
253	9.722329E-04
254	9.683025E-04
255	9.643796E-04
256	9.604649E-04
257	9.565684E-04
258	9.526805E-04
259	9.488073E-04
260	9.449332E-04
261	9.410765E-04
262	9.372234E-04
263	9.333914E-04
264	9.295609E-04
265	9.257430E-04
266	9.219325E-04
267	9.181370E-04
268	9.143523E-04
269	9.105719E-04
270	9.068017E-04
271	9.030462E-04
272	8.992980E-04
273	8.955614E-04
274	8.918363E-04
275	8.881142E-04
276	8.844089E-04
277	8.807107E-04
278	8.770209E-04
279	8.733476E-04
280	8.696855E-04
281	8.660187E-04
282	8.623723E-04
283	8.587418E-04
284	8.551144E-04
285	8.514974E-04
286	8.478946E-04
287	8.442969E-04
288	8.407143E-04
289	8.371378E-04
290	8.335672E-04
291	8.300193E-04
292	8.264729E-04
293	8.229387E-04
294	8.194100E-04
295	8.158998E-04
296	8.124025E-04
297	8.089092E-04
298	8.054274E-04
299	8.019576E-04
300	7.984942E-04
301	7.950366E-04
302	7.916018E-04
303	7.881738E-04
304	7.847549E-04
305	7.813456E-04
306	7.779479E-04
307	7.745582E-04
308	7.711831E-04
309	7.678181E-04
310	7.644550E-04
311	7.611174E-04
312	7.577799E-04
313	7.544564E-04
314	7.511476E-04
315	7.478435E-04
316	7.445482E-04
317	7.412717E-04
318	7.380042E-04
319	7.347441E-04
320	7.314967E-04
321	7.282626E-04
322	7.250326E-04
323	7.218180E-04
324	7.186171E-04
325	7.154255E-04
326	7.122355E-04
327	7.090680E-04
328	7.059118E-04
329	7.027593E-04
330	6.996221E-04
331	6.964951E-04
332	6.933862E-04
333	6.902749E-04
334	6.871821E-04
335	6.840985E-04
336	6.810292E-04
337	6.779672E-04
338	6.749277E-04
339	6.718837E-04
340	6.688592E-04
341	6.658412E-04
342	6.628431E-04
343	6.598415E-04
344	6.568610E-04
345	6.538918E-04
346	6.509355E-04
347	6.479846E-04
348	6.450480E-04
349	6.421199E-04
350	6.392094E-04
351	6.363053E-04
352	6.334175E-04
353	6.305314E-04
354	6.276605E-04
355	6.248060E-04
356	6.219603E-04
357	6.191315E-04
358	6.163010E-04
359	6.134951E-04
360	6.106885E-04
361	6.079047E-04
362	6.051248E-04
363	6.023544E-04
364	5.996074E-04
365	5.968552E-04
366	5.941316E-04
367	5.914070E-04
368	5.886941E-04
369	5.859938E-04
370	5.833116E-04
371	5.806355E-04
372	5.779638E-04
373	5.753200E-04
374	5.726735E-04
375	5.700466E-04
376	5.674238E-04
377	5.648164E-04
378	5.622213E-04
379	5.596423E-04
380	5.570668E-04
381	5.544962E-04
382	5.519475E-04
383	5.494108E-04
384	5.468818E-04
385	5.443640E-04
386	5.418573E-04
387	5.393707E-04
388	5.368803E-04
389	5.344078E-04
390	5.319464E-04
391	5.294998E-04
392	5.270570E-04
393	5.246324E-04
394	5.222159E-04
395	5.198055E-04
396	5.174151E-04
397	5.150305E-04
398	5.126586E-04
399	5.102999E-04
400	5.079479E-04
401	5.056127E-04
402	5.032798E-04
403	5.009644E-04
404	4.986616E-04
405	4.963638E-04
406	4.940834E-04
407	4.918081E-04
408	4.895462E-04
409	4.872929E-04
410	4.850589E-04
411	4.828290E-04
412	4.806107E-04
413	4.783969E-04
414	4.762085E-04
415	4.740178E-04
416	4.718387E-04
417	4.696791E-04
418	4.675286E-04
419	4.653773E-04
420	4.632444E-04
421	4.611259E-04
422	4.590168E-04
423	4.569122E-04
424	4.548272E-04
425	4.527473E-04
426	4.506797E-04
427	4.486243E-04
428	4.465704E-04
429	4.445286E-04
430	4.425079E-04
431	4.404936E-04
432	4.384843E-04
433	4.364906E-04
434	4.345063E-04
435	4.325291E-04
436	4.305645E-04
437	4.286110E-04
438	4.266718E-04
439	4.247362E-04
440	4.228134E-04
441	4.208940E-04
442	4.189911E-04
443	4.171003E-04
444	4.152182E-04
445	4.133442E-04
446	4.114853E-04
447	4.096390E-04
448	4.077873E-04
449	4.059539E-04
450	4.041370E-04
451	4.023188E-04
452	4.005177E-04
453	3.987284E-04
454	3.969465E-04
455	3.951707E-04
456	3.934098E-04
457	3.916560E-04
458	3.899152E-04
459	3.881731E-04
460	3.864568E-04
461	3.847418E-04
462	3.830337E-04
463	3.813431E-04
464	3.796565E-04
465	3.779815E-04
466	3.763199E-04
467	3.746610E-04
468	3.730131E-04
469	3.713791E-04
470	3.697496E-04
471	3.681328E-04
472	3.665209E-04
473	3.649291E-04
474	3.633339E-04
475	3.617536E-04
476	3.601853E-04
477	3.586204E-04
478	3.570725E-04
479	3.555280E-04
480	3.539937E-04
481	3.524701E-04
482	3.509542E-04
483	3.494478E-04
484	3.479504E-04
485	3.464629E-04
486	3.449839E-04
487	3.435174E-04
488	3.420526E-04
489	3.406036E-04
490	3.391551E-04
491	3.377267E-04
492	3.362976E-04
493	3.348837E-04
494	3.334737E-04
495	3.320768E-04
496	3.306868E-04
497	3.293057E-04
498	3.279317E-04
499	3.265678E-04
500	3.252098E-04
501	3.238601E-04
502	3.225273E-04
503	3.211952E-04
504	3.198709E-04
505	3.185573E-04
506	3.172542E-04
507	3.159550E-04
508	3.146702E-04
509	3.133879E-04
510	3.121156E-04
511	3.108522E-04
512	3.095947E-04
513	3.083463E-04
514	3.071039E-04
515	3.058730E-04
516	3.046516E-04
517	3.034338E-04
518	3.022268E-04
519	3.010251E-04
520	2.998333E-04
521	2.986460E-04
522	2.974674E-04
523	2.962989E-04
524	2.951366E-04
525	2.939788E-04
526	2.928354E-04
527	2.916953E-04
528	2.905605E-04
529	2.894327E-04
530	2.883171E-04
531	2.872052E-04
532	2.861036E-04
533	2.850032E-04
534	2.839150E-04
535	2.828345E-04
536	2.817587E-04
537	2.806919E-04
538	2.796285E-04
539	2.785707E-04
540	2.775236E-04
541	2.764831E-04
542	2.754457E-04
543	2.744179E-04
544	2.733976E-04
545	2.723798E-04
546	2.713723E-04
547	2.703760E-04
548	2.693766E-04
549	2.683865E-04
550	2.674045E-04
551	2.664293E-04
552	2.654557E-04
553	2.644937E-04
554	2.635373E-04
555	2.625818E-04
556	2.616361E-04
557	2.606949E-04
558	2.597609E-04
559	2.588316E-04
560	2.579099E-04
561	2.569928E-04
562	2.560840E-04
563	2.551789E-04
564	2.542798E-04
565	2.533840E-04
566	2.524959E-04
567	2.516149E-04
568	2.507367E-04
569	2.498621E-04
570	2.489964E-04
571	2.481350E-04
572	2.472795E-04
573	2.464294E-04
574	2.455838E-04
575	2.447422E-04
576	2.439067E-04
577	2.430780E-04
578	2.422530E-04
579	2.414276E-04
580	2.406179E-04
581	2.398070E-04
582	2.389998E-04
583	2.381968E-04
584	2.374003E-04
585	2.366117E-04
586	2.358243E-04
587	2.350416E-04
588	2.342653E-04
589	2.334941E-04
590	2.327266E-04
591	2.319602E-04
592	2.312061E-04
593	2.304491E-04
594	2.296968E-04
595	2.289524E-04
596	2.282097E-04
597	2.274718E-04
598	2.267399E-04
599	2.260092E-04
600	2.252859E-04
601	2.245647E-04
602	2.238491E-04
603	2.231370E-04
604	2.224300E-04
605	2.217246E-04
606	2.210243E-04
607	2.203276E-04
608	2.196375E-04
609	2.189475E-04
610	2.182654E-04
611	2.175816E-04
612	2.169041E-04
613	2.162330E-04
614	2.155613E-04
615	2.148938E-04
616	2.142327E-04
617	2.135772E-04
618	2.129220E-04
619	2.122670E-04
620	2.116224E-04
621	2.109720E-04
622	2.103300E-04
623	2.096973E-04
624	2.090621E-04
625	2.084327E-04
626	2.078040E-04
627	2.071798E-04
628	2.065577E-04
629	2.059339E-04
630	2.053266E-04
631	2.047140E-04
632	2.041075E-04
633	2.035037E-04
634	2.029043E-04
635	2.023053E-04
636	2.017081E-04
637	2.011167E-04
638	2.005288E-04
639	1.999431E-04
640	1.993565E-04
641	1.987807E-04
642	1.982011E-04
643	1.976264E-04
644	1.970547E-04
645	1.964842E-04
646	1.959188E-04
647	1.953544E-04
648	1.947971E-04
649	1.942462E-04
650	1.936870E-04
651	1.931344E-04
652	1.925859E-04
653	1.920338E-04
654	1.914943E-04
655	1.909565E-04
656	1.904176E-04
657	1.898862E-04
658	1.893529E-04
659	1.888210E-04
660	1.882921E-04
661	1.877636E-04
662	1.872466E-04
663	1.867224E-04
664	1.862075E-04
665	1.856888E-04
666	1.851769E-04
667	1.846674E-04
668	1.841589E-04
669	1.836521E-04
670	1.831468E-04
671	1.826519E-04
672	1.821468E-04
673	1.816557E-04
674	1.811626E-04
675	1.806714E-04
676	1.801851E-04
677	1.796948E-04
678	1.792086E-04
679	1.787278E-04
680	1.782478E-04
681	1.777718E-04
682	1.772889E-04
683	1.768199E-04
684	1.763480E-04
685	1.758789E-04
686	1.754097E-04
687	1.749463E-04
688	1.744798E-04
689	1.740221E-04
690	1.735672E-04
691	1.731078E-04
692	1.726549E-04
693	1.722005E-04
694	1.717511E-04
695	1.712957E-04
696	1.708532E-04
697	1.704067E-04
698	1.699658E-04
699	1.695257E-04
700	1.690862E-04
701	1.686492E-04
702	1.682139E-04
703	1.677810E-04
704	1.673492E-04
705	1.669134E-04
706	1.664932E-04
707	1.660643E-04
708	1.656359E-04
709	1.652159E-04
710	1.647946E-04
711	1.643734E-04
712	1.639648E-04
713	1.635477E-04
714	1.631359E-04
715	1.627173E-04
716	1.623132E-04
717	1.619045E-04
718	1.614994E-04
719	1.610899E-04
720	1.606915E-04
721	1.602902E-04
722	1.598900E-04
723	1.594886E-04
724	1.590965E-04
725	1.587018E-04
726	1.583101E-04
727	1.579153E-04
728	1.575270E-04
729	1.571407E-04
730	1.567515E-04
731	1.563600E-04
732	1.559780E-04
733	1.555979E-04
734	1.552212E-04
735	1.548427E-04
736	1.544632E-04
737	1.540892E-04
738	1.537147E-04
739	1.533395E-04
740	1.529675E-04
741	1.525981E-04
742	1.522305E-04
743	1.518641E-04
744	1.514989E-04
745	1.511365E-04
746	1.507703E-04
747	1.504096E-04
748	1.500512E-04
749	1.496924E-04
750	1.493305E-04
751	1.489768E-04
752	1.486241E-04
753	1.482725E-04
754	1.479222E-04
755	1.475704E-04
756	1.472175E-04
757	1.468736E-04
758	1.465258E-04
759	1.461823E-04
760	1.458384E-04
761	1.454975E-04
762	1.451550E-04
763	1.448159E-04
764	1.444771E-04
765	1.441396E-04
766	1.438078E-04
767	1.434735E-04
768	1.431385E-04
769	1.428072E-04
770	1.424755E-04
771	1.421463E-04
772	1.418193E-04
773	1.414882E-04
774	1.411671E-04
775	1.408410E-04
776	1.405180E-04
777	1.401970E-04
778	1.398759E-04
779	1.395529E-04
780	1.392396E-04
781	1.389138E-04
782	1.386044E-04
783	1.382890E-04
784	1.379692E-04
785	1.376621E-04
786	1.373501E-04
787	1.370382E-04
788	1.367288E-04
789	1.364203E-04
790	1.361157E-04
791	1.358082E-04
792	1.355029E-04
793	1.352016E-04
794	1.348948E-04
795	1.345939E-04
796	1.342957E-04
797	1.339934E-04
798	1.336978E-04
799	1.333999E-04
800	1.331009E-04
801	1.328080E-04
802	1.325157E-04
803	1.322183E-04
804	1.319301E-04
805	1.316395E-04
806	1.313467E-04
807	1.310605E-04
808	1.307685E-04
809	1.304785E-04
810	1.301928E-04
811	1.299127E-04
812	1.296290E-04
813	1.293473E-04
814	1.290642E-04
815	1.287802E-04
816	1.285047E-04
817	1.282233E-04
818	1.279470E-04
819	1.276657E-04
820	1.273908E-04
821	1.271175E-04
822	1.268405E-04
823	1.265701E-04
824	1.262978E-04
825	1.260246E-04
826	1.257516E-04
827	1.254842E-04
828	1.252129E-04
829	1.249476E-04
830	1.246779E-04
831	1.244146E-04
832	1.241479E-04
833	1.238844E-04
834	1.236206E-04
835	1.233613E-04
836	1.230975E-04
837	1.228373E-04
838	1.225757E-04
839	1.223200E-04
840	1.220599E-04
841	1.218002E-04
842	1.215435E-04
843	1.212888E-04
844	1.210368E-04
845	1.207800E-04
846	1.205288E-04
847	1.202768E-04
848	1.200239E-04
849	1.197755E-04
850	1.195247E-04
851	1.192757E-04
852	1.190285E-04
853	1.187789E-04
854	1.185326E-04
855	1.182856E-04
856	1.180445E-04
857	1.177982E-04
858	1.175560E-04
859	1.173150E-04
860	1.170736E-04
861	1.168301E-04
862	1.165924E-04
863	1.163489E-04
864	1.161111E-04
865	1.158738E-04
866	1.156365E-04
867	1.154016E-04
868	1.151668E-04
869	1.149323E-04
870	1.146977E-04
871	1.144623E-04
872	1.142297E-04
873	1.140008E-04
874	1.137689E-04
875	1.135358E-04
876	1.133097E-04
877	1.130785E-04
878	1.128514E-04
879	1.126205E-04
880	1.123973E-04
881	1.121690E-04
882	1.119462E-04
883	1.117209E-04
884	1.114945E-04
885	1.112743E-04
886	1.110493E-04
887	1.108273E-04
888	1.106070E-04
889	1.103866E-04
890	1.101674E-04
891	1.099488E-04
892	1.097302E-04
893	1.095101E-04
894	1.092943E-04
895	1.090767E-04
896	1.088643E-04
897	1.086482E-04
898	1.084317E-04
899	1.082177E-04
900	1.080046E-04
901	1.077909E-04
902	1.075825E-04
903	1.073693E-04
904	1.071589E-04
905	1.069481E-04
906	1.067385E-04
907	1.065305E-04
908	1.063242E-04
909	1.061153E-04
910	1.059110E-04
911	1.057027E-04
912	1.054990E-04
913	1.052923E-04
914	1.050883E-04
915	1.048835E-04
916	1.046798E-04
917	1.044804E-04
918	1.042767E-04
919	1.040771E-04
920	1.038753E-04
921	1.036748E-04
922	1.034750E-04
923	1.032782E-04
924	1.030788E-04
925	1.028812E-04
926	1.026848E-04
927	1.024881E-04
928	1.022924E-04
929	1.020956E-04
930	1.019012E-04
931	1.017068E-04
932	1.015137E-04
933	1.013201E-04
934	1.011274E-04
935	1.009374E-04
936	1.007462E-04
937	1.005525E-04
938	1.003648E-04
939	1.001745E-04
940	9.998492E-05
941	9.979468E-05
942	9.960814E-05
943	9.941957E-05
944	9.923390E-05
945	9.904712E-05
946	9.886358E-05
947	9.867542E-05
948	9.849206E-05
949	9.830624E-05
950	9.812247E-05
951	9.794157E-05
952	9.775672E-05
953	9.757568E-05
954	9.739406E-05
955	9.721371E-05
956	9.703062E-05
957	9.685144E-05
958	9.667183E-05
959	9.649432E-05
960	9.631416E-05
961	9.613604E-05
962	9.595764E-05
963	9.578284E-05
964	9.560522E-05
965	9.543019E-05
966	9.525406E-05
967	9.507762E-05
968	9.490293E-05
969	9.472990E-05
970	9.455701E-05
971	9.438261E-05
972	9.421036E-05
973	9.403844E-05
974	9.386386E-05
975	9.369491E-05
976	9.352474E-05
977	9.335380E-05
978	9.318417E-05
979	9.301615E-05
980	9.284752E-05
981	9.267804E-05
982	9.250967E-05
983	9.234323E-05
984	9.217712E-05
985	9.200883E-05
986	9.184134E-05
987	9.167707E-05
988	9.151253E-05
989	9.134730E-05
990	9.118511E-05
991	9.101933E-05
992	9.085557E-05
993	9.069291E-05
994	9.053136E-05
995	9.037081E-05
996	9.020849E-05
997	9.004697E-05
998	8.988503E-05
999	8.972531E-05