1	5.148994E-02
2	5.033073E-02
3	4.920348E-02
4	4.810622E-02
5	4.703747E-02
6	4.599795E-02
7	4.498556E-02
8	4.400220E-02
9	4.304402E-02
10	4.211295E-02
11	4.120612E-02
12	4.032395E-02
13	3.946683E-02
14	3.863205E-02
15	3.781875E-02
16	3.702908E-02
17	3.625959E-02
18	3.551050E-02
19	3.478100E-02
20	3.407042E-02
21	3.337848E-02
22	3.270392E-02
23	3.204667E-02
24	3.140608E-02
25	3.078095E-02
26	3.017149E-02
27	2.957673E-02
28	2.899610E-02
29	2.843005E-02
30	2.787646E-02
31	2.733509E-02
32	2.680660E-02
33	2.629002E-02
34	2.578556E-02
35	2.529079E-02
36	2.480717E-02
37	2.433421E-02
38	2.387093E-02
39	2.341730E-02
40	2.297306E-02
41	2.253774E-02
42	2.211101E-02
43	2.169284E-02
44	2.128284E-02
45	2.088070E-02
46	2.048610E-02
47	2.009895E-02
48	1.971995E-02
49	1.934651E-02
50	1.898004E-02
51	1.862093E-02
52	1.826796E-02
53	1.792125E-02
54	1.758065E-02
55	1.724599E-02
56	1.691715E-02
57	1.659402E-02
58	1.627693E-02
59	1.596449E-02
60	1.565769E-02
61	1.535622E-02
62	1.505993E-02
63	1.476868E-02
64	1.448243E-02
65	1.420106E-02
66	1.392453E-02
67	1.365276E-02
68	1.338573E-02
69	1.312332E-02
70	1.286576E-02
71	1.261232E-02
72	1.236361E-02
73	1.211933E-02
74	1.187949E-02
75	1.164399E-02
76	1.141281E-02
77	1.118601E-02
78	1.096341E-02
79	1.074502E-02
80	1.053099E-02
81	1.032088E-02
82	1.011505E-02
83	9.913265E-03
84	9.715484E-03
85	9.521746E-03
86	9.331970E-03
87	9.146130E-03
88	8.964068E-03
89	8.786054E-03
90	8.611675E-03
91	8.441110E-03
92	8.274260E-03
93	8.110805E-03
94	7.951052E-03
95	7.794760E-03
96	7.641901E-03
97	7.492653E-03
98	7.346569E-03
99	7.203770E-03
100	7.064190E-03
101	6.927745E-03
102	6.794423E-03
103	6.663979E-03
104	6.536594E-03
105	6.412147E-03
106	6.290314E-03
107	6.171611E-03
108	6.055464E-03
109	5.942373E-03
110	5.831480E-03
111	5.722875E-03
112	5.617402E-03
113	5.514115E-03
114	5.412741E-03
115	5.314352E-03
116	5.218195E-03
117	5.124228E-03
118	5.032494E-03
119	4.942879E-03
120	4.855415E-03
121	4.770131E-03
122	4.686778E-03
123	4.605837E-03
124	4.526149E-03
125	4.448724E-03
126	4.372947E-03
127	4.299358E-03
128	4.227450E-03
129	4.157127E-03
130	4.088589E-03
131	4.021811E-03
132	3.956530E-03
133	3.892818E-03
134	3.830770E-03
135	3.770104E-03
136	3.710978E-03
137	3.653278E-03
138	3.597004E-03
139	3.541938E-03
140	3.488465E-03
141	3.436189E-03
142	3.384996E-03
143	3.335389E-03
144	3.286767E-03
145	3.239671E-03
146	3.193140E-03
147	3.148050E-03
148	3.104181E-03
149	3.061036E-03
150	3.019026E-03
151	2.978065E-03
152	2.938301E-03
153	2.899091E-03
154	2.860985E-03
155	2.823808E-03
156	2.787556E-03
157	2.752154E-03
158	2.717782E-03
159	2.683777E-03
160	2.650746E-03
161	2.618579E-03
162	2.587106E-03
163	2.556351E-03
164	2.526592E-03
165	2.497001E-03
166	2.468229E-03
167	2.440387E-03
168	2.413300E-03
169	2.386262E-03
170	2.360175E-03
171	2.334472E-03
172	2.309653E-03
173	2.285428E-03
174	2.261373E-03
175	2.237967E-03
176	2.215148E-03
177	2.192982E-03
178	2.170920E-03
179	2.149540E-03
180	2.128588E-03
181	2.107940E-03
182	2.087989E-03
183	2.068215E-03
184	2.049108E-03
185	2.030247E-03
186	2.011775E-03
187	1.993654E-03
188	1.975943E-03
189	1.958532E-03
190	1.941505E-03
191	1.924835E-03
192	1.908420E-03
193	1.892489E-03
194	1.876568E-03
195	1.861043E-03
196	1.845853E-03
197	1.830938E-03
198	1.816307E-03
199	1.801909E-03
200	1.787914E-03
201	1.773782E-03
202	1.760238E-03
203	1.746837E-03
204	1.733649E-03
205	1.720693E-03
206	1.707915E-03
207	1.695373E-03
208	1.683050E-03
209	1.670919E-03
210	1.658935E-03
211	1.647332E-03
212	1.635571E-03
213	1.624187E-03
214	1.612928E-03
215	1.601855E-03
216	1.591137E-03
217	1.580148E-03
218	1.569575E-03
219	1.559092E-03
220	1.548783E-03
221	1.538608E-03
222	1.528608E-03
223	1.518637E-03
224	1.508872E-03
225	1.499223E-03
226	1.489670E-03
227	1.480247E-03
228	1.470975E-03
229	1.461768E-03
230	1.452698E-03
231	1.443747E-03
232	1.435004E-03
233	1.426107E-03
234	1.417585E-03
235	1.408889E-03
236	1.400582E-03
237	1.392026E-03
238	1.383768E-03
239	1.375563E-03
240	1.367443E-03
241	1.359434E-03
242	1.351623E-03
243	1.343627E-03
244	1.335841E-03
245	1.328284E-03
246	1.320513E-03
247	1.312958E-03
248	1.305507E-03
249	1.298076E-03
250	1.290731E-03
251	1.283583E-03
252	1.276267E-03
253	1.269123E-03
254	1.262162E-03
255	1.255055E-03
256	1.248102E-03
257	1.241243E-03
258	1.234397E-03
259	1.227760E-03
260	1.220966E-03
261	1.214300E-03
262	1.207711E-03
263	1.201195E-03
264	1.194715E-03
265	1.188300E-03
266	1.181920E-03
267	1.175591E-03
268	1.169413E-03
269	1.163109E-03
270	1.156962E-03
271	1.150846E-03
272	1.144897E-03
273	1.138642E-03
274	1.132809E-03
275	1.126870E-03
276	1.120984E-03
277	1.115159E-03
278	1.109355E-03
279	1.103741E-03
280	1.097954E-03
281	1.092358E-03
282	1.086656E-03
283	1.081054E-03
284	1.075680E-03
285	1.070083E-03
286	1.064662E-03
287	1.059220E-03
288	1.053877E-03
289	1.048538E-03
290	1.043391E-03
291	1.037920E-03
292	1.032827E-03
293	1.027657E-03
294	1.022523E-03
295	1.017423E-03
296	1.012373E-03
297	1.007349E-03
298	1.002364E-03
299	9.975228E-04
300	9.925215E-04
301	9.876553E-04
302	9.828112E-04
303	9.779828E-04
304	9.732947E-04
305	9.685070E-04
306	9.638748E-04
307	9.591166E-04
308	9.543840E-04
309	9.498642E-04
310	9.453347E-04
311	9.408756E-04
312	9.362857E-04
313	9.318180E-04
314	9.273372E-04
315	9.229381E-04
316	9.185507E-04
317	9.141949E-04
318	9.099740E-04
319	9.055995E-04
320	9.013221E-04
321	8.971139E-04
322	8.929153E-04
323	8.888342E-04
324	8.845833E-04
325	8.804882E-04
326	8.762963E-04
327	8.723289E-04
328	8.683053E-04
329	8.643125E-04
330	8.603295E-04
331	8.564943E-04
332	8.524468E-04
333	8.485778E-04
334	8.447121E-04
335	8.408756E-04
336	8.370325E-04
337	8.332751E-04
338	8.294910E-04
339	8.256689E-04
340	8.220641E-04
341	8.183764E-04
342	8.147231E-04
343	8.110795E-04
344	8.074678E-04
345	8.038536E-04
346	8.003148E-04
347	7.968038E-04
348	7.932850E-04
349	7.897614E-04
350	7.863236E-04
351	7.828686E-04
352	7.794732E-04
353	7.760685E-04
354	7.727730E-04
355	7.693249E-04
356	7.659052E-04
357	7.626789E-04
358	7.594028E-04
359	7.561378E-04
360	7.529219E-04
361	7.497026E-04
362	7.464911E-04
363	7.434085E-04
364	7.401655E-04
365	7.370240E-04
366	7.339204E-04
367	7.308047E-04
368	7.277753E-04
369	7.247025E-04
370	7.216656E-04
371	7.186530E-04
372	7.156669E-04
373	7.126997E-04
374	7.097227E-04
375	7.067947E-04
376	7.038992E-04
377	7.010086E-04
378	6.981964E-04
379	6.952418E-04
380	6.923389E-04
381	6.896083E-04
382	6.867996E-04
383	6.839970E-04
384	6.812564E-04
385	6.785020E-04
386	6.757962E-04
387	6.730870E-04
388	6.703746E-04
389	6.676179E-04
390	6.650199E-04
391	6.623808E-04
392	6.597664E-04
393	6.571573E-04
394	6.545582E-04
395	6.519891E-04
396	6.494531E-04
397	6.468885E-04
398	6.443470E-04
399	6.418699E-04
400	6.393482E-04
401	6.368952E-04
402	6.344302E-04
403	6.319779E-04
404	6.295696E-04
405	6.271444E-04
406	6.247481E-04
407	6.223516E-04
408	6.200007E-04
409	6.176402E-04
410	6.153081E-04
411	6.129876E-04
412	6.106829E-04
413	6.084041E-04
414	6.061093E-04
415	6.038329E-04
416	6.015837E-04
417	5.993342E-04
418	5.971150E-04
419	5.949244E-04
420	5.927468E-04
421	5.905844E-04
422	5.883830E-04
423	5.862337E-04
424	5.840868E-04
425	5.819714E-04
426	5.798528E-04
427	5.777391E-04
428	5.756462E-04
429	5.735763E-04
430	5.715181E-04
431	5.694801E-04
432	5.674231E-04
433	5.654105E-04
434	5.634204E-04
435	5.614139E-04
436	5.593562E-04
437	5.573995E-04
438	5.554270E-04
439	5.535532E-04
440	5.515885E-04
441	5.496586E-04
442	5.477694E-04
443	5.458756E-04
444	5.439907E-04
445	5.420835E-04
446	5.402250E-04
447	5.383589E-04
448	5.365345E-04
449	5.346978E-04
450	5.328754E-04
451	5.310418E-04
452	5.292432E-04
453	5.274498E-04
454	5.256970E-04
455	5.239176E-04
456	5.221816E-04
457	5.204094E-04
458	5.186831E-04
459	5.169847E-04
460	5.152529E-04
461	5.135696E-04
462	5.118508E-04
463	5.101521E-04
464	5.085074E-04
465	5.067927E-04
466	5.051707E-04
467	5.035498E-04
468	5.018984E-04
469	5.002431E-04
470	4.986493E-04
471	4.970661E-04
472	4.954683E-04
473	4.938780E-04
474	4.922799E-04
475	4.907366E-04
476	4.891927E-04
477	4.875947E-04
478	4.860740E-04
479	4.845265E-04
480	4.830466E-04
481	4.815257E-04
482	4.800003E-04
483	4.785307E-04
484	4.770385E-04
485	4.755546E-04
486	4.740880E-04
487	4.726294E-04
488	4.711756E-04
489	4.697232E-04
490	4.683075E-04
491	4.668852E-04
492	4.654553E-04
493	4.640528E-04
494	4.626325E-04
495	4.612592E-04
496	4.598494E-04
497	4.584737E-04
498	4.570956E-04
499	4.557453E-04
500	4.544085E-04
501	4.530660E-04
502	4.517271E-04
503	4.503786E-04
504	4.490583E-04
505	4.477451E-04
506	4.464362E-04
507	4.451656E-04
508	4.438405E-04
509	4.425561E-04
510	4.412902E-04
511	4.400159E-04
512	4.387653E-04
513	4.374937E-04
514	4.362454E-04
515	4.350082E-04
516	4.337784E-04
517	4.325373E-04
518	4.313336E-04
519	4.301185E-04
520	4.288923E-04
521	4.276906E-04
522	4.265219E-04
523	4.253395E-04
524	4.241496E-04
525	4.229581E-04
526	4.218059E-04
527	4.206324E-04
528	4.194873E-04
529	4.183255E-04
530	4.171886E-04
531	4.160390E-04
532	4.149280E-04
533	4.138043E-04
534	4.126869E-04
535	4.115888E-04
536	4.104896E-04
537	4.094038E-04
538	4.082938E-04
539	4.072199E-04
540	4.061291E-04
541	4.050471E-04
542	4.039762E-04
543	4.029109E-04
544	4.018630E-04
545	4.008031E-04
546	3.997628E-04
547	3.987420E-04
548	3.976895E-04
549	3.966565E-04
550	3.956448E-04
551	3.946265E-04
552	3.936098E-04
553	3.926074E-04
554	3.916055E-04
555	3.906121E-04
556	3.895905E-04
557	3.886507E-04
558	3.876610E-04
559	3.866856E-04
560	3.857155E-04
561	3.847753E-04
562	3.837903E-04
563	3.828426E-04
564	3.818963E-04
565	3.809665E-04
566	3.800011E-04
567	3.790807E-04
568	3.781431E-04
569	3.772168E-04
570	3.763178E-04
571	3.753990E-04
572	3.744865E-04
573	3.735799E-04
574	3.726948E-04
575	3.717701E-04
576	3.708815E-04
577	3.700079E-04
578	3.691512E-04
579	3.682658E-04
580	3.673956E-04
581	3.665124E-04
582	3.656948E-04
583	3.648034E-04
584	3.639598E-04
585	3.631231E-04
586	3.622608E-04
587	3.614167E-04
588	3.606175E-04
589	3.597522E-04
590	3.589306E-04
591	3.580835E-04
592	3.572867E-04
593	3.564969E-04
594	3.556941E-04
595	3.548550E-04
596	3.540502E-04
597	3.532582E-04
598	3.524724E-04
599	3.516792E-04
600	3.508877E-04
601	3.500862E-04
602	3.493338E-04
603	3.485467E-04
604	3.477777E-04
605	3.470406E-04
606	3.462443E-04
607	3.454688E-04
608	3.447310E-04
609	3.439960E-04
610	3.432763E-04
611	3.425115E-04
612	3.417556E-04
613	3.410015E-04
614	3.402719E-04
615	3.395874E-04
616	3.388788E-04
617	3.381055E-04
618	3.373665E-04
619	3.366823E-04
620	3.359621E-04
621	3.352747E-04
622	3.345547E-04
623	3.338525E-04
624	3.331567E-04
625	3.324517E-04
626	3.318108E-04
627	3.311302E-04
628	3.304440E-04
629	3.297220E-04
630	3.290476E-04
631	3.284284E-04
632	3.277137E-04
633	3.270394E-04
634	3.263714E-04
635	3.257185E-04
636	3.250506E-04
637	3.244072E-04
638	3.237461E-04
639	3.230784E-04
640	3.224430E-04
641	3.218432E-04
642	3.211439E-04
643	3.205375E-04
644	3.198953E-04
645	3.192512E-04
646	3.186258E-04
647	3.180175E-04
648	3.174400E-04
649	3.167741E-04
650	3.161436E-04
651	3.155576E-04
652	3.149398E-04
653	3.143233E-04
654	3.137341E-04
655	3.131159E-04
656	3.125753E-04
657	3.119272E-04
658	3.113325E-04
659	3.107120E-04
660	3.101509E-04
661	3.095377E-04
662	3.089901E-04
663	3.084180E-04
664	3.079091E-04
665	3.072544E-04
666	3.066620E-04
667	3.061706E-04
668	3.055466E-04
669	3.049803E-04
670	3.043874E-04
671	3.038695E-04
672	3.033343E-04
673	3.027593E-04
674	3.022138E-04
675	3.016326E-04
676	3.010747E-04
677	3.005605E-04
678	2.999897E-04
679	2.994722E-04
680	2.989599E-04
681	2.984063E-04
682	2.979164E-04
683	2.973369E-04
684	2.968104E-04
685	2.963008E-04
686	2.957452E-04
687	2.952716E-04
688	2.947326E-04
689	2.942469E-04
690	2.936675E-04
691	2.931845E-04
692	2.926721E-04
693	2.921684E-04
694	2.916806E-04
695	2.911598E-04
696	2.906417E-04
697	2.901455E-04
698	2.896578E-04
699	2.892376E-04
700	2.886692E-04
701	2.881652E-04
702	2.876822E-04
703	2.872020E-04
704	2.867850E-04
705	2.862347E-04
706	2.858249E-04
707	2.852732E-04
708	2.847874E-04
709	2.843971E-04
710	2.838773E-04
711	2.833833E-04
712	2.829060E-04
713	2.824343E-04
714	2.819540E-04
715	2.815083E-04
716	2.810541E-04
717	2.806027E-04
718	2.801229E-04
719	2.796949E-04
720	2.792292E-04
721	2.787718E-04
722	2.783238E-04
723	2.778781E-04
724	2.774977E-04
725	2.769934E-04
726	2.765718E-04
727	2.761079E-04
728	2.756609E-04
729	2.752296E-04
730	2.748727E-04
731	2.743877E-04
732	2.739909E-04
733	2.734931E-04
734	2.731422E-04
735	2.726642E-04
736	2.722267E-04
737	2.717852E-04
738	2.713578E-04
739	2.709788E-04
740	2.705287E-04
741	2.701503E-04
742	2.697355E-04
743	2.692768E-04
744	2.689212E-04
745	2.685417E-04
746	2.680237E-04
747	2.676445E-04
748	2.673017E-04
749	2.667947E-04
750	2.664202E-04
751	2.660215E-04
752	2.656190E-04
753	2.652196E-04
754	2.648232E-04
755	2.644728E-04
756	2.640301E-04
757	2.636397E-04
758	2.632328E-04
759	2.629407E-04
760	2.624690E-04
761	2.621655E-04
762	2.616931E-04
763	2.613029E-04
764	2.609125E-04
765	2.605505E-04
766	2.601669E-04
767	2.597719E-04
768	2.594074E-04
769	2.590968E-04
770	2.586528E-04
771	2.582819E-04
772	2.579198E-04
773	2.575453E-04
774	2.572477E-04
775	2.567988E-04
776	2.564306E-04
777	2.561468E-04
778	2.556829E-04
779	2.554298E-04
780	2.549840E-04
781	2.546582E-04
782	2.543356E-04
783	2.538869E-04
784	2.535426E-04
785	2.532626E-04
786	2.528890E-04
787	2.525037E-04
788	2.521322E-04
789	2.517667E-04
790	2.514245E-04
791	2.510706E-04
792	2.507448E-04
793	2.504853E-04
794	2.500959E-04
795	2.497125E-04
796	2.493198E-04
797	2.489837E-04
798	2.487285E-04
799	2.483241E-04
800	2.480571E-04
801	2.476593E-04
802	2.472976E-04
803	2.469851E-04
804	2.467421E-04
805	2.463099E-04
806	2.460817E-04
807	2.456526E-04
808	2.453053E-04
809	2.450842E-04
810	2.446715E-04
811	2.444102E-04
812	2.440497E-04
813	2.436949E-04
814	2.433674E-04
815	2.430790E-04
816	2.427205E-04
817	2.424045E-04
818	2.420857E-04
819	2.417558E-04
820	2.414805E-04
821	2.411241E-04
822	2.408147E-04
823	2.405783E-04
824	2.402917E-04
825	2.398761E-04
826	2.395537E-04
827	2.393152E-04
828	2.389370E-04
829	2.386344E-04
830	2.384231E-04
831	2.380188E-04
832	2.378096E-04
833	2.373809E-04
834	2.371196E-04
835	2.368088E-04
836	2.364732E-04
837	2.362071E-04
838	2.358811E-04
839	2.356036E-04
840	2.352973E-04
841	2.351071E-04
842	2.347918E-04
843	2.344047E-04
844	2.341131E-04
845	2.338194E-04
846	2.335249E-04
847	2.332924E-04
848	2.330147E-04
849	2.326538E-04
850	2.323464E-04
851	2.320570E-04
852	2.317776E-04
853	2.314986E-04
854	2.311947E-04
855	2.308961E-04
856	2.306309E-04
857	2.303390E-04
858	2.300649E-04
859	2.297969E-04
860	2.295000E-04
861	2.292188E-04
862	2.289669E-04
863	2.286649E-04
864	2.283700E-04
865	2.281034E-04
866	2.278326E-04
867	2.275459E-04
868	2.273809E-04
869	2.270151E-04
870	2.268252E-04
871	2.264517E-04
872	2.261659E-04
873	2.258746E-04
874	2.255904E-04
875	2.253463E-04
876	2.250940E-04
877	2.248131E-04
878	2.245894E-04
879	2.242719E-04
880	2.241228E-04
881	2.237540E-04
882	2.235774E-04
883	2.232116E-04
884	2.229360E-04
885	2.226811E-04
886	2.225219E-04
887	2.222029E-04
888	2.218987E-04
889	2.216077E-04
890	2.213952E-04
891	2.210909E-04
892	2.208555E-04
893	2.205771E-04
894	2.203434E-04
895	2.201321E-04
896	2.198857E-04
897	2.195676E-04
898	2.192868E-04
899	2.190455E-04
900	2.189124E-04
901	2.186053E-04
902	2.182959E-04
903	2.181555E-04
904	2.177897E-04
905	2.175439E-04
906	2.172882E-04
907	2.170301E-04
908	2.167940E-04
909	2.165499E-04
910	2.162866E-04
911	2.160497E-04
912	2.157962E-04
913	2.155265E-04
914	2.152941E-04
915	2.150561E-04
916	2.149195E-04
917	2.146517E-04
918	2.143136E-04
919	2.141989E-04
920	2.138139E-04
921	2.136712E-04
922	2.133451E-04
923	2.131488E-04
924	2.129456E-04
925	2.127090E-04
926	2.123800E-04
927	2.121443E-04
928	2.119058E-04
929	2.117545E-04
930	2.113966E-04
931	2.112814E-04
932	2.110040E-04
933	2.106993E-04
934	2.106153E-04
935	2.103366E-04
936	2.100327E-04
937	2.097734E-04
938	2.096650E-04
939	2.094224E-04
940	2.092114E-04
941	2.088579E-04
942	2.086015E-04
943	2.083861E-04
944	2.081641E-04
945	2.079528E-04
946	2.077085E-04
947	2.075186E-04
948	2.073437E-04
949	2.070131E-04
950	2.067795E-04
951	2.066852E-04
952	2.063308E-04
953	2.061024E-04
954	2.058874E-04
955	2.056560E-04
956	2.054424E-04
957	2.052061E-04
958	2.049948E-04
959	2.048409E-04
960	2.045345E-04
961	2.043421E-04
962	2.040984E-04
963	2.038657E-04
964	2.037814E-04
965	2.034431E-04
966	2.032164E-04
967	2.029867E-04
968	2.028018E-04
969	2.025573E-04
970	2.023987E-04
971	2.021286E-04
972	2.019324E-04
973	2.017740E-04
974	2.014891E-04
975	2.012268E-04
976	2.011505E-04
977	2.008451E-04
978	2.005949E-04
979	2.004228E-04
980	2.002865E-04
981	2.000112E-04
982	1.997537E-04
983	1.995470E-04
984	1.993247E-04
985	1.991187E-04
986	1.989152E-04
987	1.987141E-04
988	1.985021E-04
989	1.982594E-04
990	1.980596E-04
991	1.978542E-04
992	1.976416E-04
993	1.974231E-04
994	1.972315E-04
995	1.970315E-04
996	1.968021E-04
997	1.965870E-04
998	1.963933E-04
999	1.961966E-04
