0	4.0231e-02
1	4.0184e-02
2	4.0103e-02
3	3.9977e-02
4	3.9804e-02
5	3.9584e-02
6	3.9423e-02
7	3.9402e-02
8	3.7231e-02
9	2.8654e-02
10	5.9409e-02
11	2.6810e-02
12	3.1324e-02
13	3.6190e-02
14	3.8083e-02
15	3.8728e-02
16	3.8980e-02
17	3.9102e-02
18	3.9156e-02
19	3.9195e-02
20	3.9234e-02
21	3.9270e-02
22	3.9300e-02
23	3.9325e-02
24	3.9347e-02
25	3.9366e-02
26	3.9382e-02
27	3.9396e-02
28	3.9408e-02
29	3.9421e-02
30	3.9432e-02
31	3.9442e-02
32	3.9451e-02
33	3.9459e-02
34	3.9466e-02
35	3.9471e-02
36	3.9476e-02
37	3.9479e-02
38	3.9482e-02
39	3.9483e-02
40	3.9484e-02
41	3.9485e-02
42	3.9484e-02
43	3.9483e-02
44	3.9481e-02
45	3.9479e-02
46	3.9477e-02
47	3.9474e-02
48	3.9470e-02
49	3.9467e-02
50	3.9463e-02
51	3.9458e-02
52	3.9454e-02
53	3.9449e-02
54	3.9444e-02
55	3.9439e-02
56	3.9434e-02
57	3.9429e-02
58	3.9424e-02
59	3.9419e-02
60	3.9414e-02
61	3.9409e-02
62	3.9404e-02
63	3.9399e-02
64	3.9395e-02
65	3.9390e-02
66	3.9386e-02
67	3.9381e-02
68	3.9377e-02
69	3.9372e-02
70	3.9367e-02
71	3.9362e-02
72	3.9357e-02
73	3.9352e-02
74	3.9347e-02
75	3.9342e-02
76	3.9336e-02
77	3.9330e-02
78	3.9324e-02
79	3.9318e-02
80	3.9311e-02
81	3.9305e-02
82	3.9297e-02
83	3.9290e-02
84	3.9282e-02
85	3.9274e-02
86	3.9265e-02
87	3.9256e-02
88	3.9247e-02
89	3.9237e-02
90	3.9226e-02
91	3.9215e-02
92	3.9203e-02
93	3.9190e-02
94	3.9177e-02
95	3.9163e-02
96	3.9148e-02
97	3.9133e-02
98	3.9117e-02
99	3.9100e-02
100	3.9082e-02
101	3.9063e-02
102	3.9041e-02
103	3.9014e-02
104	3.8983e-02
105	3.8946e-02
106	3.8896e-02
107	3.8835e-02
108	3.8757e-02
109	3.8656e-02
110	3.8520e-02
111	3.8334e-02
112	3.8055e-02
113	3.7572e-02
114	3.6631e-02
115	3.4644e-02
116	3.0212e-02
117	2.4247e-02
118	3.1415e-02
119	2.6807e-02
120	2.3355e-02
121	2.6384e-02
122	2.7767e-02
123	2.6395e-02
124	2.2761e-02
125	2.1621e-02
126	2.5404e-02
127	2.0266e-02
128	2.1315e-02
129	2.2781e-02
130	2.0948e-02
131	1.8531e-02
132	2.1923e-02
133	1.7941e-02
134	1.9725e-02
135	1.9720e-02
136	1.7459e-02
137	2.0423e-02
138	1.7472e-02
139	1.9359e-02
140	1.8014e-02
141	1.7861e-02
142	1.7978e-02
143	1.7354e-02
144	1.8136e-02
145	1.6978e-02
146	1.7439e-02
147	1.7072e-02
148	1.6798e-02
149	1.7225e-02
150	1.6618e-02
151	1.6690e-02
152	1.6749e-02
153	1.6309e-02
154	1.6587e-02
155	1.6325e-02
156	1.6111e-02
157	1.6292e-02
158	1.5905e-02
159	1.5990e-02
160	1.5892e-02
161	1.5655e-02
162	1.5759e-02
163	1.5499e-02
164	1.5495e-02
165	1.5417e-02
166	1.5233e-02
167	1.5251e-02
168	1.5053e-02
169	1.5005e-02
170	1.4903e-02
171	1.4746e-02
172	1.4699e-02
173	1.4530e-02
174	1.4450e-02
175	1.4334e-02
176	1.4187e-02
177	1.4100e-02
178	1.3941e-02
179	1.3825e-02
180	1.3692e-02
181	1.3529e-02
182	1.3404e-02
183	1.3234e-02
184	1.3084e-02
185	1.2926e-02
186	1.2748e-02
187	1.2591e-02
188	1.2403e-02
189	1.2233e-02
190	1.2045e-02
191	1.1857e-02
192	1.1673e-02
193	1.1472e-02
194	1.1282e-02
195	1.1080e-02
196	1.0877e-02
197	1.0677e-02
198	1.0468e-02
199	1.0265e-02
200	1.0054e-02
201	9.8456e-03
202	9.6353e-03
203	9.4218e-03
204	9.2120e-03
205	8.9988e-03
206	8.7880e-03
207	8.5775e-03
208	8.3658e-03
209	8.1566e-03
210	7.9463e-03
211	7.7392e-03
212	7.5351e-03
213	7.3332e-03
214	7.1360e-03
215	6.9401e-03
216	6.7482e-03
217	6.5589e-03
218	6.3726e-03
219	6.1900e-03
220	6.0099e-03
221	5.8338e-03
222	5.6609e-03
223	5.4915e-03
224	5.3257e-03
225	5.1628e-03
226	5.0039e-03
227	4.8495e-03
228	4.7000e-03
229	4.5550e-03
230	4.4143e-03
231	4.2780e-03
232	4.1460e-03
233	4.0181e-03
234	3.8944e-03
235	3.7748e-03
236	3.6591e-03
237	3.5472e-03
238	3.4388e-03
239	3.3338e-03
240	3.2322e-03
241	3.1340e-03
242	3.0391e-03
243	2.9473e-03
244	2.8585e-03
245	2.7725e-03
246	2.6894e-03
247	2.6090e-03
248	2.5311e-03
249	2.4558e-03
250	2.3829e-03
251	2.3125e-03
252	2.2442e-03
253	2.1781e-03
254	2.1141e-03
255	2.0522e-03
256	1.9922e-03
257	1.9342e-03
258	1.8780e-03
259	1.8237e-03
260	1.7710e-03
261	1.7200e-03
262	1.6705e-03
263	1.6228e-03
264	1.5766e-03
265	1.5320e-03
266	1.4889e-03
267	1.4473e-03
268	1.4071e-03
269	1.3683e-03
270	1.3306e-03
271	1.2948e-03
272	1.2591e-03
273	1.2251e-03
274	1.1921e-03
275	1.1603e-03
276	1.1295e-03
277	1.0996e-03
278	1.0707e-03
279	1.0427e-03
280	1.0157e-03
281	9.8924e-04
282	9.6376e-04
283	9.3921e-04
284	9.1502e-04
285	8.9173e-04
286	8.6917e-04
287	8.4725e-04
288	8.2599e-04
289	8.0535e-04
290	7.8531e-04
291	7.6586e-04
292	7.4694e-04
293	7.2861e-04
294	7.1069e-04
295	6.9334e-04
296	6.7666e-04
297	6.6008e-04
298	6.4412e-04
299	6.2859e-04
300	6.1352e-04
301	5.9883e-04
302	5.8455e-04
303	5.7079e-04
304	5.5712e-04
305	5.4395e-04
306	5.3115e-04
307	5.1867e-04
308	5.0651e-04
309	4.9467e-04
310	4.8317e-04
311	4.7194e-04
312	4.6098e-04
313	4.5033e-04
314	4.3995e-04
315	4.2983e-04
316	4.1997e-04
317	4.1036e-04
318	4.0100e-04
319	3.9187e-04
320	3.8296e-04
321	3.7429e-04
322	3.6582e-04
323	3.5757e-04
324	3.4952e-04
325	3.4167e-04
326	3.3401e-04
327	3.2655e-04
328	3.1926e-04
329	3.1215e-04
330	3.0521e-04
331	2.9847e-04
332	2.9185e-04
333	2.8541e-04
334	2.7912e-04
335	2.7299e-04
336	2.6700e-04
337	2.6116e-04
338	2.5545e-04
339	2.4989e-04
340	2.4446e-04
341	2.3915e-04
342	2.3396e-04
343	2.2891e-04
344	2.2392e-04
345	2.1916e-04
346	2.1444e-04
347	2.0985e-04
348	2.0536e-04
349	2.0097e-04
350	1.9670e-04
351	1.9251e-04
352	1.8843e-04
353	1.8444e-04
354	1.8055e-04
355	1.7675e-04
356	1.7305e-04
357	1.6940e-04
358	1.6586e-04
359	1.6239e-04
360	1.5901e-04
361	1.5570e-04
362	1.5248e-04
363	1.4933e-04
364	1.4624e-04
365	1.4323e-04
366	1.4028e-04
367	1.3740e-04
368	1.3459e-04
369	1.3184e-04
370	1.2916e-04
371	1.2653e-04
372	1.2396e-04
373	1.2145e-04
374	1.1900e-04
375	1.1660e-04
376	1.1426e-04
377	1.1196e-04
378	1.0972e-04
379	1.0754e-04
380	1.0539e-04
381	1.0330e-04
382	1.0125e-04
383	9.9250e-05
384	9.7291e-05
385	9.5378e-05
386	9.3521e-05
387	9.1670e-05
388	8.9888e-05
389	8.8143e-05
390	8.6421e-05
391	8.4739e-05
392	8.3105e-05
393	8.1502e-05
394	7.9949e-05
395	7.8401e-05
396	7.6898e-05
397	7.5431e-05
398	7.3994e-05
399	7.2591e-05
400	7.1213e-05
401	6.9873e-05
402	6.8558e-05
403	6.7262e-05
404	6.6005e-05
405	6.4771e-05
406	6.3564e-05
407	6.2395e-05
408	6.1225e-05
409	6.0091e-05
410	5.8986e-05
411	5.7898e-05
412	5.6840e-05
413	5.5797e-05
414	5.4786e-05
415	5.3786e-05
416	5.2810e-05
417	5.1852e-05
418	5.0919e-05
419	5.0004e-05
420	4.9106e-05
421	4.8235e-05
422	4.7376e-05
423	4.6532e-05
424	4.5711e-05
425	4.4905e-05
426	4.4111e-05
427	4.3341e-05
428	4.2580e-05
429	4.1844e-05
430	4.1124e-05
431	4.0403e-05
432	3.9795e-05
433	3.9020e-05
434	3.8355e-05
435	3.7704e-05
436	3.7058e-05
437	3.6428e-05
438	3.5815e-05
439	3.5209e-05
440	3.4617e-05
441	3.4063e-05
442	3.3476e-05
443	3.2915e-05
444	3.2367e-05
445	3.1832e-05
446	3.1310e-05
447	3.0702e-05
448	3.0291e-05
449	2.9797e-05
450	2.9312e-05
451	2.8839e-05
452	2.8375e-05
453	2.7919e-05
454	2.7474e-05
455	2.7037e-05
456	2.6604e-05
457	2.6181e-05
458	2.5768e-05
459	2.5364e-05
460	2.4968e-05
461	2.4578e-05
462	2.4195e-05
463	2.3819e-05
464	2.3455e-05
465	2.3096e-05
466	2.2737e-05
467	2.2393e-05
468	2.2053e-05
469	2.1719e-05
470	2.1393e-05
471	2.1067e-05
472	2.0753e-05
473	2.0444e-05
474	2.0141e-05
475	1.9843e-05
476	1.9644e-05
477	1.9268e-05
478	1.8985e-05
479	1.8710e-05
480	1.8436e-05
481	1.8170e-05
482	1.7922e-05
483	1.7654e-05
484	1.7399e-05
485	1.7154e-05
486	1.6911e-05
487	1.6674e-05
488	1.6442e-05
489	1.6211e-05
490	1.5986e-05
491	1.5765e-05
492	1.5548e-05
493	1.5337e-05
494	1.5126e-05
495	1.4922e-05
496	1.4718e-05
497	1.4523e-05
498	1.4324e-05
499	1.4133e-05
500	1.3947e-05
501	1.3762e-05
502	1.3583e-05
503	1.3404e-05
504	1.3228e-05
505	1.3056e-05
506	1.2889e-05
507	1.2723e-05
508	1.2559e-05
509	1.2403e-05
510	1.2242e-05
511	1.2104e-05
512	1.1937e-05
513	1.1787e-05
514	1.1707e-05
515	1.1496e-05
516	1.1354e-05
517	1.1215e-05
518	1.1089e-05
519	1.0944e-05
520	1.0812e-05
521	1.0681e-05
522	1.0554e-05
523	1.0426e-05
524	1.0250e-05
525	1.0180e-05
526	1.0061e-05
527	9.9448e-06
528	9.8298e-06
529	9.7169e-06
530	9.6172e-06
531	9.4923e-06
532	9.3850e-06
533	9.2778e-06
534	9.1741e-06
535	9.0708e-06
536	8.9713e-06
537	8.8663e-06
538	8.7709e-06
539	8.6751e-06
540	8.5829e-06
541	8.4860e-06
542	8.3943e-06
543	8.3065e-06
544	8.2158e-06
545	8.1292e-06
546	8.0404e-06
547	7.9566e-06
548	7.8729e-06
549	7.7904e-06
550	7.7108e-06
551	7.6322e-06
552	7.5527e-06
553	7.4753e-06
554	7.4012e-06
555	7.3241e-06
556	7.2492e-06
557	7.1785e-06
558	7.1612e-06
559	7.0360e-06
560	6.9662e-06
561	6.8991e-06
562	6.8317e-06
563	6.7685e-06
564	6.7007e-06
565	6.6368e-06
566	6.5739e-06
567	6.5120e-06
568	6.4522e-06
569	6.3916e-06
570	6.3310e-06
571	6.2723e-06
572	6.2157e-06
573	6.1570e-06
574	6.1024e-06
575	6.0462e-06
576	5.9912e-06
577	5.9375e-06
578	5.8849e-06
579	5.8332e-06
580	5.7816e-06
581	5.7293e-06
582	5.6787e-06
583	5.6289e-06
584	5.5820e-06
585	5.5343e-06
586	5.5330e-06
587	5.4428e-06
588	5.3956e-06
589	5.3517e-06
590	5.3081e-06
591	5.2626e-06
592	5.2212e-06
593	5.1756e-06
594	5.1329e-06
595	5.0919e-06
596	5.0504e-06
597	5.0111e-06
598	4.9723e-06
599	4.9314e-06
600	4.8951e-06
601	4.8557e-06
602	4.8180e-06
603	4.7796e-06
604	4.7429e-06
605	4.7059e-06
606	4.6728e-06
607	4.6359e-06
608	4.6017e-06
609	4.5678e-06
610	4.5330e-06
611	4.5014e-06
612	4.4672e-06
613	4.4355e-06
614	4.4041e-06
615	4.3724e-06
616	4.3411e-06
617	4.3096e-06
618	4.2791e-06
619	4.2499e-06
620	4.2200e-06
621	4.1904e-06
622	4.1633e-06
623	4.1340e-06
624	4.1067e-06
625	4.0809e-06
626	4.0505e-06
627	4.0231e-06
628	3.9968e-06
629	3.9702e-06
630	3.9444e-06
631	3.9208e-06
632	3.8930e-06
633	3.8696e-06
634	3.8480e-06
635	3.8187e-06
636	3.7970e-06
637	3.7719e-06
638	3.7480e-06
639	3.7241e-06
640	3.7018e-06
641	3.6794e-06
642	3.6576e-06
643	3.6394e-06
644	3.6130e-06
645	3.5930e-06
646	3.5710e-06
647	3.5505e-06
648	3.5275e-06
649	3.5080e-06
650	3.4886e-06
651	3.4680e-06
652	3.4480e-06
653	3.4283e-06
654	3.4083e-06
655	3.3901e-06
656	3.3713e-06
657	3.3529e-06
658	3.3337e-06
659	3.3169e-06
660	3.2979e-06
661	3.2805e-06
662	3.2641e-06
663	3.2456e-06
664	3.2297e-06
665	3.2104e-06
666	3.1952e-06
667	3.1787e-06
668	3.1622e-06
669	3.1455e-06
670	3.1297e-06
671	3.1154e-06
672	3.1000e-06
673	3.0828e-06
674	3.0683e-06
675	3.0528e-06
676	3.0382e-06
677	3.0235e-06
678	3.0092e-06
679	2.9951e-06
680	2.9813e-06
681	2.9659e-06
682	2.9517e-06
683	2.9391e-06
684	2.9246e-06
685	2.9131e-06
686	2.8976e-06
687	2.8841e-06
688	2.8714e-06
689	2.8621e-06
690	2.8457e-06
691	2.8326e-06
692	2.8202e-06
693	2.8083e-06
694	2.7975e-06
695	2.7836e-06
696	2.7715e-06
697	2.7601e-06
698	2.7555e-06
699	2.7427e-06
700	2.7253e-06
701	2.7140e-06
702	2.7024e-06
703	2.6916e-06
704	2.6804e-06
705	2.6707e-06
706	2.6586e-06
707	2.6484e-06
708	2.6394e-06
709	2.6292e-06
710	2.6174e-06
711	2.6079e-06
712	2.5972e-06
713	2.5867e-06
714	2.5777e-06
715	2.5759e-06
716	2.5595e-06
717	2.5482e-06
718	2.5403e-06
719	2.5306e-06
720	2.5209e-06
721	2.5100e-06
722	2.5042e-06
723	2.4944e-06
724	2.4863e-06
725	2.4749e-06
726	2.4678e-06
727	2.4575e-06
728	2.4500e-06
729	2.4407e-06
730	2.4325e-06
731	2.4238e-06
732	2.4150e-06
733	2.4074e-06
734	2.3985e-06
735	2.3915e-06
736	2.3851e-06
737	2.3776e-06
738	2.3671e-06
739	2.3601e-06
740	2.3520e-06
741	2.3444e-06
742	2.3374e-06
743	2.3294e-06
744	2.3224e-06
745	2.3152e-06
746	2.3087e-06
747	2.3013e-06
748	2.2943e-06
749	2.2876e-06
750	2.2803e-06
751	2.2730e-06
752	2.2668e-06
753	2.2595e-06
754	2.2538e-06
755	2.2490e-06
756	2.2396e-06
757	2.2340e-06
758	2.2269e-06
759	2.2222e-06
760	2.2146e-06
761	2.2084e-06
762	2.2013e-06
763	2.1956e-06
764	2.1904e-06
765	2.1836e-06
766	2.1778e-06
767	2.1727e-06
768	2.1661e-06
769	2.1596e-06
770	2.1553e-06
771	2.1480e-06
772	2.1423e-06
773	2.1367e-06
774	2.1308e-06
775	2.1256e-06
776	2.1199e-06
777	2.1146e-06
778	2.1090e-06
779	2.1038e-06
780	2.0982e-06
781	2.0929e-06
782	2.0900e-06
783	2.0843e-06
784	2.0794e-06
785	2.0725e-06
786	2.0686e-06
787	2.0626e-06
788	2.0581e-06
789	2.0527e-06
790	2.0470e-06
791	2.0433e-06
792	2.0386e-06
793	2.0333e-06
794	2.0282e-06
795	2.0237e-06
796	2.0185e-06
797	2.0142e-06
798	2.0107e-06
799	2.0049e-06
800	1.9996e-06
801	1.9970e-06
802	1.9917e-06
803	1.9868e-06
804	1.9827e-06
805	1.9786e-06
806	1.9735e-06
807	1.9691e-06
808	1.9653e-06
809	1.9614e-06
810	1.9562e-06
811	1.9522e-06
812	1.9478e-06
813	1.9448e-06
814	1.9401e-06
815	1.9368e-06
816	1.9314e-06
817	1.9274e-06
818	1.9247e-06
819	1.9208e-06
820	1.9159e-06
821	1.9120e-06
822	1.9076e-06
823	1.9031e-06
824	1.9001e-06
825	1.8967e-06
826	1.8922e-06
827	1.8893e-06
828	1.8821e-06
829	1.8787e-06
830	1.8779e-06
831	1.8743e-06
832	1.8703e-06
833	1.8672e-06
834	1.8650e-06
835	1.8591e-06
836	1.8557e-06
837	1.8526e-06
838	1.8492e-06
839	1.8456e-06
840	1.8419e-06
841	1.8387e-06
842	1.8348e-06
843	1.8318e-06
844	1.8286e-06
845	1.8249e-06
846	1.8231e-06
847	1.8180e-06
848	1.8162e-06
849	1.8125e-06
850	1.8094e-06
851	1.8056e-06
852	1.8027e-06
853	1.7989e-06
854	1.7962e-06
855	1.7932e-06
856	1.7925e-06
857	1.7876e-06
858	1.7832e-06
859	1.7812e-06
860	1.7778e-06
861	1.7749e-06
862	1.7711e-06
863	1.7680e-06
864	1.7652e-06
865	1.7617e-06
866	1.7590e-06
867	1.7566e-06
868	1.7530e-06
869	1.7500e-06
870	1.7469e-06
871	1.7444e-06
872	1.7414e-06
873	1.7377e-06
874	1.7353e-06
875	1.7332e-06
876	1.7297e-06
877	1.7273e-06
878	1.7242e-06
879	1.7222e-06
880	1.7192e-06
881	1.7160e-06
882	1.7144e-06
883	1.7133e-06
884	1.7086e-06
885	1.7048e-06
886	1.7024e-06
887	1.6997e-06
888	1.6976e-06
889	1.6947e-06
890	1.6918e-06
891	1.6893e-06
892	1.6858e-06
893	1.6848e-06
894	1.7191e-06
895	1.6789e-06
896	1.6785e-06
897	1.6749e-06
898	1.6723e-06
899	1.6681e-06
900	1.6652e-06
901	1.6647e-06
902	1.6612e-06
903	1.6590e-06
904	1.6561e-06
905	1.6573e-06
906	1.6501e-06
907	1.6479e-06
908	1.6456e-06
909	1.6436e-06
910	1.6417e-06
911	1.6388e-06
912	1.6367e-06
913	1.6340e-06
914	1.6312e-06
915	1.6294e-06
916	1.6273e-06
917	1.6253e-06
918	1.6218e-06
919	1.6200e-06
920	1.6172e-06
921	1.6136e-06
922	1.6122e-06
923	1.6109e-06
924	1.6072e-06
925	1.6063e-06
926	1.6030e-06
927	1.6015e-06
928	1.5984e-06
929	1.5985e-06
930	1.5947e-06
931	1.5901e-06
932	1.5896e-06
933	1.5872e-06
934	1.5846e-06
935	1.5834e-06
936	1.5813e-06
937	1.5794e-06
938	1.5735e-06
939	1.5741e-06
940	1.5723e-06
941	1.5703e-06
942	1.5669e-06
943	1.5656e-06
944	1.5634e-06
945	1.5614e-06
946	1.5591e-06
947	1.5563e-06
948	1.5551e-06
949	1.5528e-06
950	1.5496e-06
951	1.5488e-06
952	1.5472e-06
953	1.5433e-06
954	1.5415e-06
955	1.5401e-06
956	1.5449e-06
957	1.5367e-06
958	1.5339e-06
959	1.5315e-06
960	1.5294e-06
961	1.5390e-06
962	1.5265e-06
963	1.5236e-06
964	1.5211e-06
965	1.5198e-06
966	1.5171e-06
967	1.5321e-06
968	1.5152e-06
969	1.5103e-06
970	1.5112e-06
971	1.5094e-06
972	1.5058e-06
973	1.5049e-06
974	1.5023e-06
975	1.4989e-06
976	1.5004e-06
977	1.4952e-06
978	1.4930e-06
979	1.4918e-06
980	1.4890e-06
981	1.4873e-06
982	1.4861e-06
983	1.4829e-06
984	1.4812e-06
985	1.4793e-06
986	1.4773e-06
987	1.4753e-06
988	1.4942e-06
989	1.4711e-06
990	1.4687e-06
991	1.4879e-06
992	1.4671e-06
993	1.4633e-06
994	1.4617e-06
995	1.4597e-06
996	1.4572e-06
997	1.4565e-06
998	1.4545e-06
999	1.4515e-06