0	4.5863e+00
1	4.5066e+00
2	4.4379e+00
3	4.3695e+00
4	4.2997e+00
5	4.2289e+00
6	4.1584e+00
7	4.0889e+00
8	4.0345e+00
9	3.9815e+00
10	3.9253e+00
11	3.8622e+00
12	3.7964e+00
13	3.7277e+00
14	3.6542e+00
15	3.5757e+00
16	3.4919e+00
17	3.4026e+00
18	3.3078e+00
19	3.2071e+00
20	3.1006e+00
21	2.9882e+00
22	2.8699e+00
23	2.7457e+00
24	2.6157e+00
25	2.4803e+00
26	2.3397e+00
27	2.1944e+00
28	2.0450e+00
29	1.8924e+00
30	1.7373e+00
31	1.5810e+00
32	1.4246e+00
33	1.2696e+00
34	1.1174e+00
35	9.6953e-01
36	8.2770e-01
37	6.9351e-01
38	5.6853e-01
39	4.5419e-01
40	3.5170e-01
41	2.6207e-01
42	1.8595e-01
43	1.2193e-01
44	7.1923e-02
45	3.6117e-02
46	1.3901e-02
47	4.0087e-03
48	4.5646e-03
49	1.3098e-02
50	2.6635e-02
51	4.2231e-02
52	5.7475e-02
53	7.0622e-02
54	8.0569e-02
55	8.6775e-02
56	8.9156e-02
57	8.7977e-02
58	8.3747e-02
59	7.7118e-02
60	6.8800e-02
61	5.9491e-02
62	5.0459e-02
63	4.2369e-02
64	3.4506e-02
65	2.7207e-02
66	2.0724e-02
67	1.5218e-02
68	1.0772e-02
69	7.3901e-03
70	5.0201e-03
71	3.5603e-03
72	2.8765e-03
73	2.8151e-03
74	3.2165e-03
75	3.9251e-03
76	4.7986e-03
77	5.7134e-03
78	6.5689e-03
79	7.2903e-03
80	7.8273e-03
81	8.1530e-03
82	8.2618e-03
83	8.1653e-03
84	7.8887e-03
85	7.4661e-03
86	6.9376e-03
87	6.3442e-03
88	5.7263e-03
89	5.1193e-03
90	4.5536e-03
91	4.0524e-03
92	3.6307e-03
93	3.2972e-03
94	3.0527e-03
95	2.8928e-03
96	2.8080e-03
97	2.7859e-03
98	2.8116e-03
99	2.8702e-03
100	2.9469e-03
101	3.0289e-03
102	3.1052e-03
103	3.1674e-03
104	3.2101e-03
105	3.2305e-03
106	3.2283e-03
107	3.2052e-03
108	3.1644e-03
109	3.1102e-03
110	3.0474e-03
111	2.9808e-03
112	2.9148e-03
113	2.8532e-03
114	2.7988e-03
115	2.7535e-03
116	2.7182e-03
117	2.6931e-03
118	2.6773e-03
119	2.6695e-03
120	2.6680e-03
121	2.6712e-03
122	2.6770e-03
123	2.6839e-03
124	2.6902e-03
125	2.6950e-03
126	2.6975e-03
127	2.6973e-03
128	2.6945e-03
129	2.6891e-03
130	2.6817e-03
131	2.6729e-03
132	2.6633e-03
133	2.6535e-03
134	2.6441e-03
135	2.6354e-03
136	2.6278e-03
137	2.6215e-03
138	2.6163e-03
139	2.6127e-03
140	2.6100e-03
141	2.6081e-03
142	2.6068e-03
143	2.6059e-03
144	2.6051e-03
145	2.6042e-03
146	2.6030e-03
147	2.6016e-03
148	2.5998e-03
149	2.5976e-03
150	2.5952e-03
151	2.5926e-03
152	2.5899e-03
153	2.5870e-03
154	2.5843e-03
155	2.5816e-03
156	2.5791e-03
157	2.5766e-03
158	2.5744e-03
159	2.5724e-03
160	2.5705e-03
161	2.5687e-03
162	2.5669e-03
163	2.5653e-03
164	2.5635e-03
165	2.5618e-03
166	2.5599e-03
167	2.5580e-03
168	2.5562e-03
169	2.5541e-03
170	2.5521e-03
171	2.5501e-03
172	2.5480e-03
173	2.5459e-03
174	2.5438e-03
175	2.5418e-03
176	2.5398e-03
177	2.5377e-03
178	2.5356e-03
179	2.5337e-03
180	2.5317e-03
181	2.5297e-03
182	2.5277e-03
183	2.5257e-03
184	2.5237e-03
185	2.5217e-03
186	2.5197e-03
187	2.5176e-03
188	2.5155e-03
189	2.5134e-03
190	2.5114e-03
191	2.5093e-03
192	2.5071e-03
193	2.5051e-03
194	2.5030e-03
195	2.5009e-03
196	2.4987e-03
197	2.4967e-03
198	2.4945e-03
199	2.4924e-03
200	2.4903e-03
201	2.4881e-03
202	2.4860e-03
203	2.4838e-03
204	2.4817e-03
205	2.4795e-03
206	2.4773e-03
207	2.4751e-03
208	2.4730e-03
209	2.4708e-03
210	2.4686e-03
211	2.4664e-03
212	2.4642e-03
213	2.4619e-03
214	2.4598e-03
215	2.4575e-03
216	2.4553e-03
217	2.4531e-03
218	2.4508e-03
219	2.4486e-03
220	2.4463e-03
221	2.4440e-03
222	2.4418e-03
223	2.4395e-03
224	2.4372e-03
225	2.4348e-03
226	2.4326e-03
227	2.4302e-03
228	2.4280e-03
229	2.4257e-03
230	2.4234e-03
231	2.4211e-03
232	2.4188e-03
233	2.4164e-03
234	2.4140e-03
235	2.4118e-03
236	2.4093e-03
237	2.4069e-03
238	2.4046e-03
239	2.4022e-03
240	2.3998e-03
241	2.3974e-03
242	2.3950e-03
243	2.3927e-03
244	2.3902e-03
245	2.3878e-03
246	2.3854e-03
247	2.3830e-03
248	2.3805e-03
249	2.3781e-03
250	2.3757e-03
251	2.3732e-03
252	2.3708e-03
253	2.3683e-03
254	2.3658e-03
255	2.3633e-03
256	2.3608e-03
257	2.3584e-03
258	2.3559e-03
259	2.3534e-03
260	2.3509e-03
261	2.3483e-03
262	2.3458e-03
263	2.3433e-03
264	2.3407e-03
265	2.3382e-03
266	2.3356e-03
267	2.3331e-03
268	2.3306e-03
269	2.3279e-03
270	2.3254e-03
271	2.3228e-03
272	2.3202e-03
273	2.3176e-03
274	2.3150e-03
275	2.3124e-03
276	2.3098e-03
277	2.3071e-03
278	2.3046e-03
279	2.3018e-03
280	2.2992e-03
281	2.2966e-03
282	2.2939e-03
283	2.2913e-03
284	2.2886e-03
285	2.2860e-03
286	2.2832e-03
287	2.2806e-03
288	2.2778e-03
289	2.2752e-03
290	2.2725e-03
291	2.2697e-03
292	2.2670e-03
293	2.2642e-03
294	2.2615e-03
295	2.2588e-03
296	2.2560e-03
297	2.2534e-03
298	2.2505e-03
299	2.2478e-03
300	2.2450e-03
301	2.2422e-03
302	2.2394e-03
303	2.2366e-03
304	2.2338e-03
305	2.2309e-03
306	2.2281e-03
307	2.2254e-03
308	2.2225e-03
309	2.2197e-03
310	2.2168e-03
311	2.2139e-03
312	2.2111e-03
313	2.2083e-03
314	2.2054e-03
315	2.2024e-03
316	2.1996e-03
317	2.1967e-03
318	2.1938e-03
319	2.1909e-03
320	2.1880e-03
321	2.1851e-03
322	2.1822e-03
323	2.1792e-03
324	2.1762e-03
325	2.1733e-03
326	2.1703e-03
327	2.1673e-03
328	2.1644e-03
329	2.1613e-03
330	2.1584e-03
331	2.1554e-03
332	2.1524e-03
333	2.1494e-03
334	2.1463e-03
335	2.1433e-03
336	2.1403e-03
337	2.1373e-03
338	2.1343e-03
339	2.1312e-03
340	2.1282e-03
341	2.1250e-03
342	2.1220e-03
343	2.1189e-03
344	2.1158e-03
345	2.1127e-03
346	2.1096e-03
347	2.1065e-03
348	2.1034e-03
349	2.1002e-03
350	2.0971e-03
351	2.0941e-03
352	2.0909e-03
353	2.0877e-03
354	2.0845e-03
355	2.0813e-03
356	2.0781e-03
357	2.0750e-03
358	2.0718e-03
359	2.0687e-03
360	2.0654e-03
361	2.0622e-03
362	2.0590e-03
363	2.0558e-03
364	2.0525e-03
365	2.0492e-03
366	2.0460e-03
367	2.0428e-03
368	2.0395e-03
369	2.0362e-03
370	2.0329e-03
371	2.0296e-03
372	2.0264e-03
373	2.0231e-03
374	2.0197e-03
375	2.0165e-03
376	2.0130e-03
377	2.0098e-03
378	2.0065e-03
379	2.0031e-03
380	1.9997e-03
381	1.9965e-03
382	1.9930e-03
383	1.9896e-03
384	1.9863e-03
385	1.9829e-03
386	1.9794e-03
387	1.9760e-03
388	1.9726e-03
389	1.9692e-03
390	1.9658e-03
391	1.9623e-03
392	1.9589e-03
393	1.9554e-03
394	1.9519e-03
395	1.9485e-03
396	1.9450e-03
397	1.9415e-03
398	1.9381e-03
399	1.9346e-03
400	1.9310e-03
401	1.9275e-03
402	1.9240e-03
403	1.9205e-03
404	1.9169e-03
405	1.9134e-03
406	1.9099e-03
407	1.9064e-03
408	1.9027e-03
409	1.8992e-03
410	1.8956e-03
411	1.8920e-03
412	1.8884e-03
413	1.8848e-03
414	1.8812e-03
415	1.8775e-03
416	1.8739e-03
417	1.8703e-03
418	1.8666e-03
419	1.8631e-03
420	1.8593e-03
421	1.8556e-03
422	1.8520e-03
423	1.8483e-03
424	1.8446e-03
425	1.8410e-03
426	1.8373e-03
427	1.8336e-03
428	1.8299e-03
429	1.8262e-03
430	1.8223e-03
431	1.8187e-03
432	1.8149e-03
433	1.8112e-03
434	1.8074e-03
435	1.8036e-03
436	1.7999e-03
437	1.7960e-03
438	1.7923e-03
439	1.7884e-03
440	1.7847e-03
441	1.7809e-03
442	1.7771e-03
443	1.7732e-03
444	1.7694e-03
445	1.7656e-03
446	1.7617e-03
447	1.7579e-03
448	1.7540e-03
449	1.7502e-03
450	1.7463e-03
451	1.7424e-03
452	1.7385e-03
453	1.7345e-03
454	1.7307e-03
455	1.7268e-03
456	1.7228e-03
457	1.7189e-03
458	1.7150e-03
459	1.7111e-03
460	1.7071e-03
461	1.7031e-03
462	1.6992e-03
463	1.6952e-03
464	1.6912e-03
465	1.6873e-03
466	1.6832e-03
467	1.6793e-03
468	1.6753e-03
469	1.6713e-03
470	1.6673e-03
471	1.6632e-03
472	1.6592e-03
473	1.6552e-03
474	1.6511e-03
475	1.6471e-03
476	1.6430e-03
477	1.6390e-03
478	1.6349e-03
479	1.6308e-03
480	1.6267e-03
481	1.6227e-03
482	1.6186e-03
483	1.6145e-03
484	1.6103e-03
485	1.6063e-03
486	1.6021e-03
487	1.5980e-03
488	1.5939e-03
489	1.5897e-03
490	1.5856e-03
491	1.5814e-03
492	1.5772e-03
493	1.5731e-03
494	1.5689e-03
495	1.5648e-03
496	1.5606e-03
497	1.5564e-03
498	1.5522e-03
499	1.5480e-03
500	1.5438e-03
501	1.5396e-03
502	1.5354e-03
503	1.5311e-03
504	1.5269e-03
505	1.5227e-03
506	1.5184e-03
507	1.5142e-03
508	1.5099e-03
509	1.5057e-03
510	1.5014e-03
511	1.4971e-03
512	1.4929e-03
513	1.4886e-03
514	1.4843e-03
515	1.4801e-03
516	1.4758e-03
517	1.4715e-03
518	1.4672e-03
519	1.4629e-03
520	1.4585e-03
521	1.4542e-03
522	1.4499e-03
523	1.4456e-03
524	1.4412e-03
525	1.4369e-03
526	1.4326e-03
527	1.4283e-03
528	1.4239e-03
529	1.4195e-03
530	1.4151e-03
531	1.4108e-03
532	1.4064e-03
533	1.4021e-03
534	1.3977e-03
535	1.3933e-03
536	1.3889e-03
537	1.3845e-03
538	1.3801e-03
539	1.3757e-03
540	1.3713e-03
541	1.3669e-03
542	1.3625e-03
543	1.3581e-03
544	1.3537e-03
545	1.3493e-03
546	1.3449e-03
547	1.3404e-03
548	1.3360e-03
549	1.3316e-03
550	1.3271e-03
551	1.3227e-03
552	1.3182e-03
553	1.3138e-03
554	1.3094e-03
555	1.3049e-03
556	1.3004e-03
557	1.2960e-03
558	1.2915e-03
559	1.2871e-03
560	1.2826e-03
561	1.2782e-03
562	1.2737e-03
563	1.2692e-03
564	1.2647e-03
565	1.2603e-03
566	1.2558e-03
567	1.2513e-03
568	1.2468e-03
569	1.2424e-03
570	1.2379e-03
571	1.2334e-03
572	1.2289e-03
573	1.2244e-03
574	1.2199e-03
575	1.2154e-03
576	1.2109e-03
577	1.2064e-03
578	1.2019e-03
579	1.1974e-03
580	1.1929e-03
581	1.1884e-03
582	1.1839e-03
583	1.1794e-03
584	1.1749e-03
585	1.1704e-03
586	1.1659e-03
587	1.1614e-03
588	1.1569e-03
589	1.1524e-03
590	1.1479e-03
591	1.1434e-03
592	1.1389e-03
593	1.1344e-03
594	1.1299e-03
595	1.1254e-03
596	1.1209e-03
597	1.1164e-03
598	1.1118e-03
599	1.1074e-03
600	1.1029e-03
601	1.0984e-03
602	1.0939e-03
603	1.0894e-03
604	1.0848e-03
605	1.0804e-03
606	1.0759e-03
607	1.0714e-03
608	1.0669e-03
609	1.0624e-03
610	1.0579e-03
611	1.0534e-03
612	1.0489e-03
613	1.0444e-03
614	1.0399e-03
615	1.0354e-03
616	1.0310e-03
617	1.0265e-03
618	1.0220e-03
619	1.0175e-03
620	1.0131e-03
621	1.0086e-03
622	1.0042e-03
623	9.9969e-04
624	9.9519e-04
625	9.9077e-04
626	9.8634e-04
627	9.8183e-04
628	9.7739e-04
629	9.7305e-04
630	9.6849e-04
631	9.6411e-04
632	9.5964e-04
633	9.5523e-04
634	9.5077e-04
635	9.4633e-04
636	9.4192e-04
637	9.3755e-04
638	9.3310e-04
639	9.2870e-04
640	9.2435e-04
641	9.1991e-04
642	9.1548e-04
643	9.1112e-04
644	9.0669e-04
645	9.0235e-04
646	8.9796e-04
647	8.9360e-04
648	8.8925e-04
649	8.8483e-04
650	8.8058e-04
651	8.7614e-04
652	8.7182e-04
653	8.6747e-04
654	8.6311e-04
655	8.5880e-04
656	8.5456e-04
657	8.5017e-04
658	8.4585e-04
659	8.4156e-04
660	8.3734e-04
661	8.3293e-04
662	8.2873e-04
663	8.2440e-04
664	8.2013e-04
665	8.1590e-04
666	8.1158e-04
667	8.0736e-04
668	8.0321e-04
669	7.9889e-04
670	7.9462e-04
671	7.9046e-04
672	7.8618e-04
673	7.8205e-04
674	7.7781e-04
675	7.7362e-04
676	7.6940e-04
677	7.6521e-04
678	7.6104e-04
679	7.5697e-04
680	7.5273e-04
681	7.4858e-04
682	7.4450e-04
683	7.4032e-04
684	7.3622e-04
685	7.3206e-04
686	7.2799e-04
687	7.2393e-04
688	7.1986e-04
689	7.1573e-04
690	7.1164e-04
691	7.0758e-04
692	7.0353e-04
693	6.9952e-04
694	6.9548e-04
695	6.9146e-04
696	6.8746e-04
697	6.8344e-04
698	6.7945e-04
699	6.7546e-04
700	6.7147e-04
701	6.6750e-04
702	6.6354e-04
703	6.5963e-04
704	6.5568e-04
705	6.5174e-04
706	6.4784e-04
707	6.4391e-04
708	6.4002e-04
709	6.3613e-04
710	6.3231e-04
711	6.2843e-04
712	6.2455e-04
713	6.2071e-04
714	6.1687e-04
715	6.1307e-04
716	6.0926e-04
717	6.0550e-04
718	6.0165e-04
719	5.9789e-04
720	5.9413e-04
721	5.9039e-04
722	5.8666e-04
723	5.8291e-04
724	5.7921e-04
725	5.7552e-04
726	5.7184e-04
727	5.6810e-04
728	5.6447e-04
729	5.6079e-04
730	5.5713e-04
731	5.5350e-04
732	5.4987e-04
733	5.4625e-04
734	5.4266e-04
735	5.3907e-04
736	5.3555e-04
737	5.3197e-04
738	5.2842e-04
739	5.2485e-04
740	5.2131e-04
741	5.1779e-04
742	5.1437e-04
743	5.1084e-04
744	5.0736e-04
745	5.0391e-04
746	5.0046e-04
747	4.9700e-04
748	4.9359e-04
749	4.9017e-04
750	4.8676e-04
751	4.8341e-04
752	4.8000e-04
753	4.7667e-04
754	4.7329e-04
755	4.6996e-04
756	4.6666e-04
757	4.6333e-04
758	4.6006e-04
759	4.5681e-04
760	4.5353e-04
761	4.5025e-04
762	4.4701e-04
763	4.4379e-04
764	4.4057e-04
765	4.3739e-04
766	4.3420e-04
767	4.3104e-04
768	4.2788e-04
769	4.2470e-04
770	4.2158e-04
771	4.1847e-04
772	4.1536e-04
773	4.1226e-04
774	4.0922e-04
775	4.0613e-04
776	4.0311e-04
777	4.0009e-04
778	3.9706e-04
779	3.9406e-04
780	3.9105e-04
781	3.8808e-04
782	3.8510e-04
783	3.8217e-04
784	3.7925e-04
785	3.7632e-04
786	3.7341e-04
787	3.7051e-04
788	3.6764e-04
789	3.6476e-04
790	3.6191e-04
791	3.5909e-04
792	3.5626e-04
793	3.5347e-04
794	3.5066e-04
795	3.4793e-04
796	3.4516e-04
797	3.4237e-04
798	3.3964e-04
799	3.3692e-04
800	3.3422e-04
801	3.3151e-04
802	3.2883e-04
803	3.2618e-04
804	3.2353e-04
805	3.2089e-04
806	3.1827e-04
807	3.1566e-04
808	3.1307e-04
809	3.1049e-04
810	3.0793e-04
811	3.0537e-04
812	3.0285e-04
813	3.0031e-04
814	2.9780e-04
815	2.9533e-04
816	2.9284e-04
817	2.9037e-04
818	2.8791e-04
819	2.8552e-04
820	2.8307e-04
821	2.8067e-04
822	2.7829e-04
823	2.7590e-04
824	2.7353e-04
825	2.7121e-04
826	2.6883e-04
827	2.6650e-04
828	2.6423e-04
829	2.6191e-04
830	2.5964e-04
831	2.5737e-04
832	2.5513e-04
833	2.5287e-04
834	2.5066e-04
835	2.4845e-04
836	2.4623e-04
837	2.4408e-04
838	2.4189e-04
839	2.3974e-04
840	2.3760e-04
841	2.3548e-04
842	2.3336e-04
843	2.3127e-04
844	2.2917e-04
845	2.2709e-04
846	2.2501e-04
847	2.2299e-04
848	2.2096e-04
849	2.1895e-04
850	2.1698e-04
851	2.1494e-04
852	2.1299e-04
853	2.1104e-04
854	2.0906e-04
855	2.0712e-04
856	2.0521e-04
857	2.0330e-04
858	2.0140e-04
859	1.9952e-04
860	1.9763e-04
861	1.9576e-04
862	1.9396e-04
863	1.9213e-04
864	1.9028e-04
865	1.8847e-04
866	1.8669e-04
867	1.8490e-04
868	1.8315e-04
869	1.8137e-04
870	1.7963e-04
871	1.7792e-04
872	1.7619e-04
873	1.7451e-04
874	1.7281e-04
875	1.7114e-04
876	1.6946e-04
877	1.6781e-04
878	1.6615e-04
879	1.6455e-04
880	1.6291e-04
881	1.6132e-04
882	1.5971e-04
883	1.5812e-04
884	1.5657e-04
885	1.5503e-04
886	1.5347e-04
887	1.5194e-04
888	1.5040e-04
889	1.4893e-04
890	1.4744e-04
891	1.4594e-04
892	1.4447e-04
893	1.4302e-04
894	1.4157e-04
895	1.4014e-04
896	1.3870e-04
897	1.3730e-04
898	1.3585e-04
899	1.3448e-04
900	1.3311e-04
901	1.3174e-04
902	1.3038e-04
903	1.2903e-04
904	1.2770e-04
905	1.2636e-04
906	1.2505e-04
907	1.2375e-04
908	1.2246e-04
909	1.2119e-04
910	1.1992e-04
911	1.1865e-04
912	1.1740e-04
913	1.1616e-04
914	1.1493e-04
915	1.1371e-04
916	1.1253e-04
917	1.1132e-04
918	1.1013e-04
919	1.0895e-04
920	1.0780e-04
921	1.0662e-04
922	1.0548e-04
923	1.0436e-04
924	1.0323e-04
925	1.0211e-04
926	1.0101e-04
927	9.9925e-05
928	9.8832e-05
929	9.7750e-05
930	9.6687e-05
931	9.5627e-05
932	9.4582e-05
933	9.3549e-05
934	9.2512e-05
935	9.1493e-05
936	9.0485e-05
937	8.9491e-05
938	8.8501e-05
939	8.7496e-05
940	8.6540e-05
941	8.5568e-05
942	8.4617e-05
943	8.3656e-05
944	8.2739e-05
945	8.1802e-05
946	8.0881e-05
947	7.9978e-05
948	7.9037e-05
949	7.8171e-05
950	7.7298e-05
951	7.6388e-05
952	7.5539e-05
953	7.4675e-05
954	7.3829e-05
955	7.2971e-05
956	7.2146e-05
957	7.1302e-05
958	7.0487e-05
959	6.9662e-05
960	6.8858e-05
961	6.8076e-05
962	6.7280e-05
963	6.6513e-05
964	6.5735e-05
965	6.4977e-05
966	6.4217e-05
967	6.3460e-05
968	6.2718e-05
969	6.1978e-05
970	6.1254e-05
971	6.0523e-05
972	5.9825e-05
973	5.9115e-05
974	5.8411e-05
975	5.7717e-05
976	5.7047e-05
977	5.6362e-05
978	5.5682e-05
979	5.5029e-05
980	5.4369e-05
981	5.3719e-05
982	5.3054e-05
983	5.2436e-05
984	5.1788e-05
985	5.1176e-05
986	5.0552e-05
987	4.9937e-05
988	4.9347e-05
989	4.8747e-05
990	4.8152e-05
991	4.7567e-05
992	4.6989e-05
993	4.6414e-05
994	4.5849e-05
995	4.5281e-05
996	4.4722e-05
997	4.4177e-05
998	4.3639e-05
999	4.3097e-05
1000	4.2568e-05
1001	4.2038e-05
1002	4.1522e-05
1003	4.1000e-05
1004	4.0494e-05
1005	3.9983e-05
1006	3.9492e-05
1007	3.8998e-05
1008	3.8502e-05
1009	3.8022e-05
1010	3.7538e-05
1011	3.7082e-05
1012	3.6603e-05
1013	3.6136e-05
1014	3.5690e-05
1015	3.5233e-05
1016	3.4799e-05
1017	3.4344e-05
1018	3.3908e-05
1019	3.3479e-05
1020	3.3054e-05
1021	3.2621e-05
1022	3.2226e-05
1023	3.1803e-05
1024	3.1410e-05
1025	3.0995e-05
1026	3.0595e-05
1027	3.0195e-05
1028	2.9802e-05
1029	2.9433e-05
1030	2.9057e-05
1031	2.8662e-05
1032	2.8304e-05
1033	2.7936e-05
1034	2.7573e-05
1035	2.7216e-05
1036	2.6857e-05
1037	2.6506e-05
1038	2.6153e-05
1039	2.5807e-05
1040	2.5472e-05
1041	2.5142e-05
1042	2.4805e-05
1043	2.4489e-05
1044	2.4159e-05
1045	2.3844e-05
1046	2.3520e-05
1047	2.3203e-05
1048	2.2906e-05
1049	2.2605e-05
1050	2.2311e-05
1051	2.2006e-05
1052	2.1708e-05
1053	2.1422e-05
1054	2.1136e-05
1055	2.0853e-05
1056	2.0567e-05
1057	2.0282e-05
1058	2.0019e-05
1059	1.9753e-05
1060	1.9493e-05
1061	1.9222e-05
1062	1.8960e-05
1063	1.8695e-05
1064	1.8438e-05
1065	1.8190e-05
1066	1.7941e-05
1067	1.7704e-05
1068	1.7469e-05
1069	1.7221e-05
1070	1.6985e-05
1071	1.6761e-05
1072	1.6524e-05
1073	1.6299e-05
1074	1.6081e-05
1075	1.5856e-05
1076	1.5640e-05
1077	1.5428e-05
1078	1.5200e-05
1079	1.5000e-05
1080	1.4786e-05
1081	1.4579e-05
1082	1.4387e-05
1083	1.4191e-05
1084	1.3989e-05
1085	1.3793e-05
1086	1.3600e-05
1087	1.3413e-05
1088	1.3217e-05
1089	1.3037e-05
1090	1.2855e-05
1091	1.2677e-05
1092	1.2493e-05
1093	1.2326e-05
1094	1.2146e-05
1095	1.1967e-05
1096	1.1805e-05
1097	1.1634e-05
1098	1.1469e-05
1099	1.1305e-05
1100	1.1152e-05
1101	1.0986e-05
1102	1.0837e-05
1103	1.0684e-05
1104	1.0529e-05
1105	1.0380e-05
1106	1.0228e-05
1107	1.0082e-05
1108	9.9341e-06
1109	9.7906e-06
1110	9.6551e-06
1111	9.5175e-06
1112	9.3712e-06
1113	9.2427e-06
1114	9.1084e-06
1115	8.9689e-06
1116	8.8468e-06
1117	8.7198e-06
1118	8.5926e-06
1119	8.4686e-06
1120	8.3459e-06
1121	8.2236e-06
1122	8.1031e-06
1123	7.9870e-06
1124	7.8667e-06
1125	7.7503e-06
1126	7.6369e-06
1127	7.5271e-06
1128	7.4185e-06
1129	7.3056e-06
1130	7.2018e-06
1131	7.0940e-06
1132	6.9906e-06
1133	6.8854e-06
1134	6.7834e-06
1135	6.6862e-06
1136	6.5841e-06
1137	6.4884e-06
1138	6.3868e-06
1139	6.2934e-06
1140	6.2042e-06
1141	6.1115e-06
1142	6.0200e-06
1143	5.9298e-06
1144	5.8431e-06
1145	5.7548e-06
1146	5.6677e-06
1147	5.5833e-06
1148	5.4994e-06
1149	5.4169e-06
1150	5.3340e-06
1151	5.2538e-06
1152	5.1732e-06
1153	5.0968e-06
1154	5.0200e-06
1155	4.9391e-06
1156	4.8709e-06
1157	4.7979e-06
1158	4.7222e-06
1159	4.6512e-06
1160	4.5807e-06
1161	4.5041e-06
1162	4.4407e-06
1163	4.3749e-06
1164	4.3088e-06
1165	4.2414e-06
1166	4.1731e-06
1167	4.1120e-06
1168	4.0504e-06
1169	3.9831e-06
1170	3.9251e-06
1171	3.8598e-06
1172	3.8066e-06
1173	3.7478e-06
1174	3.6893e-06
1175	3.6309e-06
1176	3.5760e-06
1177	3.5225e-06
1178	3.4659e-06
1179	3.4120e-06
1180	3.3529e-06
1181	3.3074e-06
1182	3.2566e-06
1183	3.2060e-06
1184	3.1559e-06
1185	3.1040e-06
1186	3.0526e-06
1187	3.0104e-06
1188	2.9615e-06
1189	2.9161e-06
1190	2.8709e-06
1191	2.8243e-06
1192	2.7800e-06
1193	2.7356e-06
1194	2.6930e-06
1195	2.6519e-06
1196	2.6105e-06
1197	2.5672e-06
1198	2.5285e-06
1199	2.4838e-06
1200	2.4475e-06
1201	2.4102e-06
1202	2.3720e-06
1203	2.3296e-06
1204	2.2927e-06
1205	2.2605e-06
1206	2.2257e-06
1207	2.1894e-06
1208	2.1549e-06
1209	2.1199e-06
1210	2.0852e-06
1211	2.0527e-06
1212	2.0181e-06
1213	1.9871e-06
1214	1.9540e-06
1215	1.9231e-06
1216	1.8926e-06
1217	1.8626e-06
1218	1.8325e-06
1219	1.8025e-06
1220	1.7734e-06
1221	1.7445e-06
1222	1.7137e-06
1223	1.6888e-06
1224	1.6618e-06
1225	1.6352e-06
1226	1.6077e-06
1227	1.5819e-06
1228	1.5560e-06
1229	1.5303e-06
1230	1.5044e-06
1231	1.4818e-06
1232	1.4579e-06
1233	1.4341e-06
1234	1.4097e-06
1235	1.3867e-06
1236	1.3622e-06
1237	1.3420e-06
1238	1.3203e-06
1239	1.2955e-06
1240	1.2753e-06
1241	1.2548e-06
1242	1.2313e-06
1243	1.2145e-06
1244	1.1932e-06
1245	1.1747e-06
1246	1.1556e-06
1247	1.1365e-06
1248	1.1143e-06
1249	1.1006e-06
1250	1.0835e-06
1251	1.0633e-06
1252	1.0451e-06
1253	1.0276e-06
1254	1.0101e-06
1255	9.9490e-07
1256	9.7604e-07
1257	9.5982e-07
1258	9.4456e-07
1259	9.2623e-07
1260	9.1374e-07
1261	8.9823e-07
1262	8.8380e-07
1263	8.6817e-07
1264	8.5232e-07
1265	8.3873e-07
1266	8.2457e-07
1267	8.1038e-07
1268	7.9695e-07
1269	7.8272e-07
1270	7.6976e-07
1271	7.5788e-07
1272	7.4533e-07
1273	7.3156e-07
1274	7.1971e-07
1275	7.0770e-07
1276	6.9389e-07
1277	6.8407e-07
1278	6.7195e-07
1279	6.6127e-07
1280	6.5011e-07
1281	6.3937e-07
1282	6.2780e-07
1283	6.1746e-07
1284	6.0455e-07
1285	5.9599e-07
1286	5.8534e-07
1287	5.7503e-07
1288	5.6596e-07
1289	5.5684e-07
1290	5.4682e-07
1291	5.3721e-07
1292	5.2635e-07
1293	5.1890e-07
1294	5.1036e-07
1295	4.9969e-07
1296	4.9085e-07
1297	4.8495e-07
1298	4.7590e-07
1299	4.6727e-07
1300	4.5967e-07
1301	4.5143e-07
1302	4.4351e-07
1303	4.3561e-07
1304	4.2831e-07
1305	4.2065e-07
1306	4.1309e-07
1307	4.0467e-07
1308	3.9900e-07
1309	3.9249e-07
1310	3.8485e-07
1311	3.7862e-07
1312	3.7279e-07
1313	3.6559e-07
1314	3.5895e-07
1315	3.5299e-07
1316	3.4580e-07
1317	3.4045e-07
1318	3.3418e-07
1319	3.2872e-07
1320	3.2311e-07
1321	3.1787e-07
1322	3.1151e-07
1323	3.0647e-07
1324	2.9962e-07
1325	2.9544e-07
1326	2.9029e-07
1327	2.8444e-07
1328	2.8000e-07
1329	2.7505e-07
1330	2.6903e-07
1331	2.6531e-07
1332	2.6047e-07
1333	2.5626e-07
1334	2.5154e-07
1335	2.4564e-07
1336	2.4169e-07
1337	2.3830e-07
1338	2.3307e-07
1339	2.2834e-07
1340	2.2527e-07
1341	2.2143e-07
1342	2.1678e-07
1343	2.1389e-07
1344	2.1029e-07
1345	2.0564e-07
1346	2.0269e-07
1347	1.9908e-07
1348	1.9572e-07
1349	1.9179e-07
1350	1.8898e-07
1351	1.8532e-07
1352	1.8126e-07
1353	1.7876e-07
1354	1.7513e-07
1355	1.7219e-07
1356	1.6855e-07
1357	1.6585e-07
1358	1.6370e-07
1359	1.6002e-07
1360	1.5671e-07
1361	1.5436e-07
1362	1.5153e-07
1363	1.4877e-07
1364	1.4637e-07
1365	1.4346e-07
1366	1.3972e-07
1367	1.3846e-07
1368	1.3524e-07
1369	1.3298e-07
1370	1.3060e-07
1371	1.2910e-07
1372	1.2600e-07
1373	1.2305e-07
1374	1.2177e-07
1375	1.1917e-07
1376	1.1713e-07
1377	1.1508e-07
1378	1.1199e-07
1379	1.1083e-07
1380	1.0767e-07
1381	1.0608e-07
1382	1.0480e-07
1383	1.0294e-07
1384	1.0141e-07
1385	9.9177e-08
1386	9.7314e-08
1387	9.4669e-08
1388	9.3778e-08
1389	9.1137e-08
1390	8.9186e-08
1391	8.8652e-08
1392	8.7019e-08
1393	8.5601e-08
1394	8.3884e-08
1395	8.1419e-08
1396	8.0667e-08
1397	7.9766e-08
1398	7.7615e-08
1399	7.6638e-08
1400	7.5133e-08
1401	7.3380e-08
1402	7.1351e-08
1403	6.9947e-08
1404	6.9453e-08
1405	6.8183e-08
1406	6.6881e-08
1407	6.5717e-08
1408	6.4554e-08
1409	6.3080e-08
1410	6.2078e-08
1411	6.0260e-08
1412	5.9887e-08
1413	5.8583e-08
1414	5.6833e-08
1415	5.6228e-08
1416	5.4824e-08
1417	5.4555e-08
1418	5.3428e-08
1419	5.1974e-08
1420	5.1407e-08
1421	5.0173e-08
1422	4.9666e-08
1423	4.8337e-08
1424	4.8093e-08
1425	4.7145e-08
1426	4.6020e-08
1427	4.5513e-08
1428	4.4141e-08
1429	4.3677e-08
1430	4.2514e-08
1431	4.1730e-08
1432	4.0572e-08
1433	3.9777e-08
1434	3.9611e-08
1435	3.8578e-08
1436	3.7763e-08
1437	3.7581e-08
1438	3.7112e-08
1439	3.5525e-08
1440	3.5447e-08
1441	3.4615e-08
1442	3.3338e-08
1443	3.2841e-08
1444	3.2770e-08
1445	3.1920e-08
1446	3.1569e-08
1447	3.1030e-08
1448	3.0355e-08
1449	2.9820e-08
1450	2.9135e-08
1451	2.8043e-08
1452	2.8016e-08
1453	2.7389e-08
1454	2.7180e-08
1455	2.6246e-08
1456	2.6067e-08
1457	2.5246e-08
1458	2.5024e-08
1459	2.4667e-08
1460	2.3798e-08
1461	2.3671e-08
1462	2.2988e-08
1463	2.3017e-08
1464	2.2485e-08
1465	2.2024e-08
1466	2.1621e-08
1467	2.0445e-08
1468	2.0781e-08
1469	1.9938e-08
1470	1.9878e-08
1471	1.9217e-08
1472	1.9293e-08
1473	1.9102e-08
1474	1.8144e-08
1475	1.8218e-08
1476	1.7864e-08
1477	1.7210e-08
1478	1.6780e-08
1479	1.6899e-08
1480	1.6768e-08
1481	1.6195e-08
1482	1.5591e-08
1483	1.5435e-08
1484	1.5296e-08
1485	1.5101e-08
1486	1.4846e-08
1487	1.4544e-08
1488	1.4250e-08
1489	1.3632e-08
1490	1.3764e-08
1491	1.3179e-08
1492	1.3262e-08
1493	1.3022e-08
1494	1.2777e-08
1495	1.2350e-08
1496	1.2444e-08
1497	1.2132e-08
1498	1.1897e-08
1499	1.1648e-08
1500	1.1246e-08
1501	1.1219e-08
1502	1.0991e-08
1503	1.0877e-08
1504	1.0565e-08
1505	1.0450e-08
1506	1.0184e-08
1507	1.0119e-08
1508	9.8429e-09
1509	9.6760e-09
1510	9.2144e-09
1511	9.3485e-09
1512	9.1783e-09
1513	8.9760e-09
1514	8.8018e-09
1515	8.7368e-09
1516	8.5074e-09
1517	8.3858e-09
1518	8.2201e-09
1519	8.0864e-09
1520	7.8988e-09
1521	7.8128e-09
1522	7.6044e-09
1523	7.5216e-09
1524	7.3188e-09
1525	7.0774e-09
1526	6.8175e-09
1527	7.1384e-09
1528	6.9034e-09
1529	6.7285e-09
1530	6.6687e-09
1531	6.3445e-09
1532	6.2301e-09
1533	6.4766e-09
1534	6.2505e-09
1535	6.0901e-09
1536	5.9939e-09
1537	5.6488e-09
1538	5.7799e-09
1539	5.7300e-09
1540	5.6104e-09
1541	5.5175e-09
1542	5.1341e-09
1543	5.3431e-09
1544	5.3930e-09
1545	5.1883e-09
1546	4.9511e-09
1547	4.9653e-09
1548	4.9671e-09
1549	4.8681e-09
1550	4.7287e-09
1551	4.6877e-09
1552	4.6041e-09
1553	4.5034e-09
1554	4.4561e-09
1555	4.3427e-09
1556	4.2989e-09
1557	4.3551e-09
1558	4.1652e-09
1559	4.1602e-09
1560	3.8769e-09
1561	3.8622e-09
1562	3.8208e-09
1563	3.8822e-09
1564	3.6114e-09
1565	3.7969e-09
1566	3.6924e-09
1567	3.5415e-09
1568	3.5785e-09
1569	3.5475e-09
1570	3.5230e-09
1571	3.3175e-09
1572	3.1882e-09
1573	3.2902e-09
1574	3.0979e-09
1575	3.2294e-09
1576	3.1008e-09
1577	3.1805e-09
1578	3.0523e-09
1579	3.0146e-09
1580	3.0545e-09
1581	2.9738e-09
1582	3.0027e-09
1583	2.9340e-09
1584	2.7495e-09
1585	2.7850e-09
1586	2.8287e-09
1587	2.7120e-09
1588	2.6079e-09
1589	2.7523e-09
1590	2.6556e-09
1591	2.5180e-09
1592	2.5960e-09
1593	2.5680e-09
1594	2.4854e-09
1595	2.4853e-09
1596	2.4724e-09
1597	2.4070e-09
1598	2.3984e-09
1599	2.3788e-09
1600	2.3937e-09
1601	2.3515e-09
1602	2.1976e-09
1603	2.1896e-09
1604	2.2634e-09
1605	2.1773e-09
1606	2.2067e-09
1607	2.1751e-09
1608	2.1842e-09
1609	1.9985e-09
1610	2.1441e-09
1611	2.0737e-09
1612	2.0815e-09
1613	2.0591e-09
1614	2.0639e-09
1615	2.0257e-09
1616	1.8441e-09
1617	1.9809e-09
1618	1.9241e-09
1619	1.9839e-09
1620	1.9538e-09
1621	1.9316e-09
1622	1.8820e-09
1623	1.8364e-09
1624	1.8602e-09
1625	1.8705e-09
1626	1.7914e-09
1627	1.8495e-09
1628	1.7829e-09
1629	1.7825e-09
1630	1.7752e-09
1631	1.7213e-09
1632	1.6130e-09
1633	1.7156e-09
1634	1.6972e-09
1635	1.6799e-09
1636	1.5993e-09
1637	1.5620e-09
1638	1.6797e-09
1639	1.6360e-09
1640	1.6131e-09
1641	1.6088e-09
1642	1.5843e-09
1643	1.6046e-09
1644	1.5925e-09
1645	1.5563e-09
1646	1.5605e-09
1647	1.5493e-09
1648	1.5383e-09
1649	1.5601e-09
1650	1.5177e-09
1651	1.5133e-09
1652	1.4972e-09
1653	1.4923e-09
1654	1.4480e-09
1655	1.4633e-09
1656	1.4746e-09
1657	1.5235e-09
1658	1.4250e-09
1659	1.3466e-09
1660	1.4534e-09
1661	1.3944e-09
1662	1.3938e-09
1663	1.3407e-09
1664	1.3814e-09
1665	1.3727e-09
1666	1.4130e-09
1667	1.4139e-09
1668	1.3477e-09
1669	1.3682e-09
1670	1.3649e-09
1671	1.3728e-09
1672	1.3646e-09
1673	1.3829e-09
1674	1.3409e-09
1675	1.3127e-09
1676	1.3711e-09
1677	1.3162e-09
1678	1.2920e-09
1679	1.3314e-09
1680	1.2955e-09
1681	1.3032e-09
1682	1.2954e-09
1683	1.3476e-09
1684	1.3114e-09
1685	1.2851e-09
1686	1.2940e-09
1687	1.2818e-09
1688	1.2477e-09
1689	1.3001e-09
1690	1.2002e-09
1691	1.2404e-09
1692	1.2150e-09
1693	1.2582e-09
1694	1.2449e-09
1695	1.2655e-09
1696	1.2448e-09
1697	1.2575e-09
1698	1.1680e-09
1699	1.2103e-09
1700	1.2403e-09
1701	1.2260e-09
1702	1.1655e-09
1703	1.2021e-09
1704	1.2234e-09
1705	1.1901e-09
1706	1.2185e-09
1707	1.1968e-09
1708	1.1986e-09
1709	1.2388e-09
1710	1.1926e-09
1711	1.1593e-09
1712	1.2036e-09
1713	1.1681e-09
1714	1.1815e-09
1715	1.1951e-09
1716	1.2017e-09
1717	1.1763e-09
1718	1.1673e-09
1719	1.0996e-09
1720	1.1601e-09
1721	1.1449e-09
1722	1.1054e-09
1723	1.1585e-09
1724	1.1691e-09
1725	1.1612e-09
1726	1.1539e-09
1727	1.1707e-09
1728	1.1433e-09
1729	1.1513e-09
1730	1.1001e-09
1731	1.1469e-09
1732	1.1448e-09
1733	1.0926e-09
1734	1.1361e-09
1735	1.1655e-09
1736	1.0841e-09
1737	1.1562e-09
1738	1.1525e-09
1739	1.0839e-09
1740	1.1420e-09
1741	1.1386e-09
1742	1.0778e-09
1743	1.1294e-09
1744	1.1853e-09
1745	1.1609e-09
1746	1.1340e-09
1747	1.0841e-09
1748	1.1183e-09
1749	1.1273e-09
1750	1.1336e-09
1751	1.1345e-09
1752	1.1616e-09
1753	1.0754e-09
1754	1.1318e-09
1755	1.1380e-09
1756	1.1607e-09
1757	1.1288e-09
1758	1.0379e-09
1759	1.1161e-09
1760	1.0549e-09
1761	1.1289e-09
1762	1.0952e-09
1763	1.1430e-09
1764	1.1080e-09
1765	1.1110e-09
1766	1.1146e-09
1767	1.0600e-09
1768	1.0894e-09
1769	1.0715e-09
1770	1.0892e-09
1771	1.0941e-09
1772	1.0874e-09
1773	1.0648e-09
1774	1.1019e-09
1775	1.0825e-09
1776	1.0949e-09
1777	1.0902e-09
1778	1.0964e-09
1779	1.0851e-09
1780	1.0401e-09
1781	1.1274e-09
1782	1.1130e-09
1783	1.1154e-09
1784	1.1062e-09
1785	1.0974e-09
1786	1.0824e-09
1787	1.1108e-09
1788	1.1139e-09
1789	1.1035e-09
1790	1.1065e-09
1791	1.1010e-09
1792	1.1051e-09
1793	1.1157e-09
1794	1.1092e-09
1795	1.1075e-09
1796	1.0910e-09
1797	1.0688e-09
1798	1.0724e-09
1799	1.0900e-09
1800	1.1289e-09
1801	1.0903e-09
1802	1.1152e-09
1803	1.0937e-09
1804	1.0859e-09
1805	1.0402e-09
1806	1.0730e-09
1807	1.0896e-09
1808	1.0861e-09
1809	1.0756e-09
1810	1.0737e-09
1811	1.1001e-09
1812	1.1021e-09
1813	1.1078e-09
1814	1.0858e-09
1815	1.0844e-09
1816	1.0833e-09
1817	1.0535e-09
1818	1.0708e-09
1819	1.0426e-09
1820	1.0697e-09
1821	1.1061e-09
1822	1.0795e-09
1823	1.0723e-09
1824	1.0215e-09
1825	1.0628e-09
1826	1.0806e-09
1827	1.0999e-09
1828	1.0386e-09
1829	1.0174e-09
1830	1.0156e-09
1831	1.0708e-09
1832	1.0786e-09
1833	1.0795e-09
1834	1.0659e-09
1835	1.0691e-09
1836	1.0313e-09
1837	1.0643e-09
1838	1.0661e-09
1839	1.0703e-09
1840	1.0821e-09
1841	1.0927e-09
1842	1.1088e-09
1843	1.0687e-09
1844	1.0667e-09
1845	1.0237e-09
1846	1.0757e-09
1847	1.0307e-09
1848	1.0743e-09
1849	1.0693e-09
1850	1.0247e-09
1851	1.0695e-09
1852	1.1475e-09
1853	1.0693e-09
1854	1.0566e-09
1855	1.0499e-09
1856	1.0709e-09
1857	1.0646e-09
1858	1.0977e-09
1859	1.0229e-09
1860	1.0857e-09
1861	1.0492e-09
1862	1.0442e-09
1863	1.0827e-09
1864	1.0707e-09
1865	1.0633e-09
1866	1.0914e-09
1867	1.0108e-09
1868	1.0601e-09
1869	1.0684e-09
1870	1.0569e-09
1871	1.0402e-09
1872	1.0440e-09
1873	1.0587e-09
1874	1.0892e-09
1875	1.0706e-09
1876	1.0896e-09
1877	1.0609e-09
1878	1.0659e-09
1879	1.0712e-09
1880	1.0539e-09
1881	1.0599e-09
1882	1.0583e-09
1883	1.0734e-09
1884	1.0019e-09
1885	1.1200e-09
1886	1.0231e-09
1887	1.0488e-09
1888	1.0536e-09
1889	1.0523e-09
1890	1.0138e-09
1891	1.0163e-09
1892	1.0959e-09
1893	1.0879e-09
1894	1.0118e-09
1895	1.0521e-09
1896	1.0646e-09
1897	1.0627e-09
1898	1.0751e-09
1899	9.8705e-10
1900	1.0856e-09
1901	1.0881e-09
1902	1.0581e-09
1903	1.0405e-09
1904	1.0789e-09
1905	1.0096e-09
1906	1.0376e-09
1907	1.0492e-09
1908	1.0091e-09
1909	1.0540e-09
1910	1.0064e-09
1911	1.0424e-09
1912	1.0525e-09
1913	1.0402e-09
1914	1.0026e-09
1915	1.0661e-09
1916	1.0711e-09
1917	1.0601e-09
1918	1.0409e-09
1919	1.0338e-09
1920	1.0601e-09
1921	1.0483e-09
1922	1.0562e-09
1923	1.0531e-09
1924	1.0471e-09
1925	1.0512e-09
1926	1.0141e-09
1927	1.0431e-09
1928	1.0103e-09
1929	1.0486e-09
1930	1.0736e-09
1931	1.0578e-09
1932	1.0481e-09
1933	1.0221e-09
1934	1.0751e-09
1935	1.0549e-09
1936	1.0572e-09
1937	1.0556e-09
1938	9.8283e-10
1939	1.0050e-09
1940	1.0581e-09
1941	1.0255e-09
1942	1.0527e-09
1943	1.0795e-09
1944	9.9923e-10
1945	1.0029e-09
1946	1.0338e-09
1947	1.0437e-09
1948	1.0498e-09
1949	1.0597e-09
1950	9.9469e-10
1951	1.0306e-09
1952	1.0707e-09
1953	9.9716e-10
1954	1.0119e-09
1955	1.0295e-09
1956	1.0516e-09
1957	1.0284e-09
1958	1.0523e-09
1959	1.0469e-09
1960	1.0185e-09
1961	1.0524e-09
1962	1.0001e-09
1963	1.0399e-09
1964	1.0394e-09
1965	1.0270e-09
1966	1.0399e-09
1967	1.0637e-09
1968	1.0345e-09
1969	1.0327e-09
1970	9.7824e-10
1971	1.0530e-09
1972	1.0348e-09
1973	1.0385e-09
1974	1.0149e-09
1975	1.0360e-09
1976	1.0417e-09
1977	1.0520e-09
1978	9.8807e-10
1979	1.0468e-09
1980	1.0379e-09
1981	1.0334e-09
1982	1.0081e-09
1983	1.0385e-09
1984	1.0379e-09
1985	1.0331e-09
1986	1.0384e-09
1987	1.0258e-09
1988	1.0556e-09
1989	1.0181e-09
1990	1.0261e-09
1991	9.7470e-10
1992	1.0448e-09
1993	1.0695e-09
1994	1.0722e-09
1995	1.0054e-09
1996	1.0076e-09
1997	1.0461e-09
1998	1.0234e-09
1999	1.0492e-09