0	7.3644049e-02
1	7.1811229e-02
2	7.0141852e-02
3	6.9039211e-02
4	6.8122119e-02
5	6.7059614e-02
6	6.5917864e-02
7	6.4766936e-02
8	6.3684531e-02
9	6.2703900e-02
10	6.1739344e-02
11	6.0807321e-02
12	5.9901219e-02
13	5.9019078e-02
14	5.8155667e-02
15	5.7303980e-02
16	5.6457948e-02
17	5.5618256e-02
18	5.4785475e-02
19	5.3960148e-02
20	5.3142618e-02
21	5.2333232e-02
22	5.1532190e-02
23	5.0739672e-02
24	4.9958590e-02
25	4.9193788e-02
26	4.8444528e-02
27	4.7709402e-02
28	4.6984818e-02
29	4.6267424e-02
30	4.5554712e-02
31	4.4899091e-02
32	4.4259395e-02
33	4.3626372e-02
34	4.3000668e-02
35	4.2381857e-02
36	4.1768696e-02
37	4.1159485e-02
38	4.0553212e-02
39	3.9949212e-02
40	3.9347790e-02
41	3.8750149e-02
42	3.8162414e-02
43	3.7634626e-02
44	3.7121709e-02
45	3.6612425e-02
46	3.6106564e-02
47	3.5603974e-02
48	3.5104435e-02
49	3.4607738e-02
50	3.4113657e-02
51	3.3621911e-02
52	3.3132236e-02
53	3.2644346e-02
54	3.2157909e-02
55	3.1672519e-02
56	3.1154955e-02
57	3.0620873e-02
58	3.0075634e-02
59	2.9519655e-02
60	2.8953115e-02
61	2.8376183e-02
62	2.7788995e-02
63	2.7191913e-02
64	2.6585348e-02
65	2.5969572e-02
66	2.5344864e-02
67	2.4779258e-02
68	2.4296230e-02
69	2.3818009e-02
70	2.3341514e-02
71	2.2865565e-02
72	2.2395268e-02
73	2.1915590e-02
74	2.1440642e-02
75	2.0937718e-02
76	2.0378357e-02
77	1.9817218e-02
78	1.9235959e-02
79	1.8639188e-02
80	1.8082505e-02
81	1.7512413e-02
82	1.6926825e-02
83	1.6396541e-02
84	1.5940448e-02
85	1.5453582e-02
86	1.4942917e-02
87	1.4424864e-02
88	1.3949559e-02
89	1.3530289e-02
90	1.3117724e-02
91	1.2679928e-02
92	1.2222675e-02
93	1.1771535e-02
94	1.1327856e-02
95	1.0889277e-02
96	1.0477767e-02
97	1.0077232e-02
98	9.6783219e-03
99	9.2799952e-03
100	8.9131976e-03
101	8.5692303e-03
102	8.2315812e-03
103	7.8905867e-03
104	7.4286782e-03
105	6.9490671e-03
106	6.4794570e-03
107	6.0379603e-03
108	5.6389235e-03
109	5.3024325e-03
110	5.0298772e-03
111	4.8181661e-03
112	4.6683396e-03
113	4.5787045e-03
114	4.5441408e-03
115	4.5560813e-03
116	4.6029552e-03
117	4.6713450e-03
118	4.7459980e-03
119	4.8145903e-03
120	4.8676971e-03
121	4.8998035e-03
122	4.9091205e-03
123	4.8970222e-03
124	4.8671481e-03
125	4.8243268e-03
126	4.7737914e-03
127	4.7204848e-03
128	4.6687028e-03
129	4.6219472e-03
130	4.5819893e-03
131	4.5499508e-03
132	4.5267022e-03
133	4.5118239e-03
134	4.5045423e-03
135	4.5033353e-03
136	4.5078523e-03
137	4.5150840e-03
138	4.5231823e-03
139	4.5306268e-03
140	4.5362893e-03
141	4.5394702e-03
142	4.5398721e-03
143	4.5375437e-03
144	4.5328145e-03
145	4.5262030e-03
146	4.5183422e-03
147	4.5098807e-03
148	4.5014322e-03
149	4.4935220e-03
150	4.4865268e-03
151	4.4807009e-03
152	4.4785677e-03
153	4.4765561e-03
154	4.4743055e-03
155	4.4694603e-03
156	4.4661239e-03
157	4.4641788e-03
158	4.4622105e-03
159	4.4601541e-03
160	4.4579627e-03
161	4.4556139e-03
162	4.4531040e-03
163	4.4504399e-03
164	4.4476455e-03
165	4.4447482e-03
166	4.4417875e-03
167	4.4387882e-03
168	4.4357753e-03
169	4.4327653e-03
170	4.4297697e-03
171	4.4267848e-03
172	4.4238092e-03
173	4.4208262e-03
174	4.4178227e-03
175	4.4147782e-03
176	4.4116857e-03
177	4.4085267e-03
178	4.4052885e-03
179	4.4019707e-03
180	4.3985662e-03
181	4.3950765e-03
182	4.3915031e-03
183	4.3878495e-03
184	4.3841214e-03
185	4.3803221e-03
186	4.3764492e-03
187	4.3725092e-03
188	4.3684975e-03
189	4.3644160e-03
190	4.3602604e-03
191	4.3560211e-03
192	4.3517007e-03
193	4.3472894e-03
194	4.3427837e-03
195	4.3381783e-03
196	4.3334714e-03
197	4.3286602e-03
198	4.3237419e-03
199	4.3187137e-03
200	4.3135737e-03
201	4.3083201e-03
202	4.3029520e-03
203	4.2974656e-03
204	4.2918595e-03
205	4.2861304e-03
206	4.2802729e-03
207	4.2742849e-03
208	4.2681610e-03
209	4.2618951e-03
210	4.2554848e-03
211	4.2489292e-03
212	4.2422120e-03
213	4.2353431e-03
214	4.2283074e-03
215	4.2211083e-03
216	4.2137378e-03
217	4.2061927e-03
218	4.1984692e-03
219	4.1905628e-03
220	4.1824719e-03
221	4.1741873e-03
222	4.1657081e-03
223	4.1570286e-03
224	4.1481466e-03
225	4.1390541e-03
226	4.1297497e-03
227	4.1202316e-03
228	4.1104904e-03
229	4.1005230e-03
230	4.0903240e-03
231	4.0798979e-03
232	4.0692338e-03
233	4.0583247e-03
234	4.0471731e-03
235	4.0357751e-03
236	4.0241252e-03
237	4.0122219e-03
238	4.0000579e-03
239	3.9876383e-03
240	3.9749495e-03
241	3.9619994e-03
242	3.9487816e-03
243	3.9352919e-03
244	3.9215316e-03
245	3.9075022e-03
246	3.8931931e-03
247	3.8786114e-03
248	3.8637575e-03
249	3.8486246e-03
250	3.8332187e-03
251	3.8175350e-03
252	3.8015738e-03
253	3.7853403e-03
254	3.7688066e-03
255	3.7519417e-03
256	3.7347178e-03
257	3.7171401e-03
258	3.6991879e-03
259	3.6808709e-03
260	3.6621820e-03
261	3.6431251e-03
262	3.6237047e-03
263	3.6039248e-03
264	3.5837637e-03
265	3.5632637e-03
266	3.5423983e-03
267	3.5211875e-03
268	3.4996271e-03
269	3.4777273e-03
270	3.4554855e-03
271	3.4329118e-03
272	3.4099917e-03
273	3.3867452e-03
274	3.3631835e-03
275	3.3393146e-03
276	3.3151349e-03
277	3.2906600e-03
278	3.2658863e-03
279	3.2408272e-03
280	3.2154883e-03
281	3.1898876e-03
282	3.1640269e-03
283	3.1379208e-03
284	3.1115832e-03
285	3.0850265e-03
286	3.0582510e-03
287	3.0312820e-03
288	3.0041281e-03
289	2.9768171e-03
290	2.9493561e-03
291	2.9217422e-03
292	2.8940092e-03
293	2.8661846e-03
294	2.8382733e-03
295	2.8103041e-03
296	2.7822878e-03
297	2.7542559e-03
298	2.7262354e-03
299	2.6982080e-03
300	2.6702194e-03
301	2.6422718e-03
302	2.6143973e-03
303	2.5865806e-03
304	2.5588537e-03
305	2.5312149e-03
306	2.5036868e-03
307	2.4762501e-03
308	2.4489250e-03
309	2.4217353e-03
310	2.3946951e-03
311	2.3678138e-03
312	2.3410958e-03
313	2.3145536e-03
314	2.2882069e-03
315	2.2620165e-03
316	2.2360436e-03
317	2.2102518e-03
318	2.1846762e-03
319	2.1593191e-03
320	2.1341948e-03
321	2.1093430e-03
322	2.0847626e-03
323	2.0604623e-03
324	2.0364570e-03
325	2.0127560e-03
326	1.9893649e-03
327	1.9662844e-03
328	1.9435108e-03
329	1.9210462e-03
330	1.8988877e-03
331	1.8770321e-03
332	1.8554735e-03
333	1.8342122e-03
334	1.8132664e-03
335	1.7926069e-03
336	1.7722542e-03
337	1.7521692e-03
338	1.7323704e-03
339	1.7128509e-03
340	1.6936200e-03
341	1.6746632e-03
342	1.6559727e-03
343	1.6375600e-03
344	1.6193989e-03
345	1.6014845e-03
346	1.5838188e-03
347	1.5664087e-03
348	1.5492631e-03
349	1.5323485e-03
350	1.5156764e-03
351	1.4992426e-03
352	1.4830524e-03
353	1.4671126e-03
354	1.4513818e-03
355	1.4359071e-03
356	1.4206823e-03
357	1.4057230e-03
358	1.3910043e-03
359	1.3765120e-03
360	1.3622582e-03
361	1.3482199e-03
362	1.3343882e-03
363	1.3207699e-03
364	1.3073428e-03
365	1.2940987e-03
366	1.2810534e-03
367	1.2681682e-03
368	1.2554418e-03
369	1.2428644e-03
370	1.2304521e-03
371	1.2181757e-03
372	1.2060624e-03
373	1.1941033e-03
374	1.1823041e-03
375	1.1706670e-03
376	1.1591649e-03
377	1.1478141e-03
378	1.1365847e-03
379	1.1255029e-03
380	1.1145090e-03
381	1.1036390e-03
382	1.0928698e-03
383	1.0821839e-03
384	1.0715921e-03
385	1.0610871e-03
386	1.0506433e-03
387	1.0402980e-03
388	1.0300266e-03
389	1.0198102e-03
390	1.0096604e-03
391	9.9958188e-04
392	9.8954584e-04
393	9.7957032e-04
394	9.6966227e-04
395	9.5983455e-04
396	9.5008384e-04
397	9.4040902e-04
398	9.3080808e-04
399	9.2129054e-04
400	9.1184577e-04
401	9.0250472e-04
402	8.9321303e-04
403	8.8400493e-04
404	8.7485509e-04
405	8.6578680e-04
406	8.5676211e-04
407	8.4778963e-04
408	8.3889259e-04
409	8.3007041e-04
410	8.2129921e-04
411	8.1259082e-04
412	8.0392411e-04
413	7.9531991e-04
414	7.8675267e-04
415	7.7826757e-04
416	7.6983054e-04
417	7.6141645e-04
418	7.5309328e-04
419	7.4479333e-04
420	7.3655392e-04
421	7.2836969e-04
422	7.2019763e-04
423	7.1210827e-04
424	7.0408289e-04
425	6.9605961e-04
426	6.8809371e-04
427	6.8020145e-04
428	6.7234947e-04
429	6.6454004e-04
430	6.5684057e-04
431	6.4915401e-04
432	6.4150948e-04
433	6.3397404e-04
434	6.2646478e-04
435	6.1906560e-04
436	6.1171135e-04
437	6.0442521e-04
438	5.9721136e-04
439	5.9004425e-04
440	5.8295572e-04
441	5.7594170e-04
442	5.6898629e-04
443	5.6212395e-04
444	5.5530557e-04
445	5.4855767e-04
446	5.4189161e-04
447	5.3527864e-04
448	5.2876055e-04
449	5.2225357e-04
450	5.1585422e-04
451	5.0951139e-04
452	5.0323858e-04
453	4.9700931e-04
454	4.9089803e-04
455	4.8479889e-04
456	4.7878956e-04
457	4.7283014e-04
458	4.6695190e-04
459	4.6112423e-04
460	4.5533199e-04
461	4.4965799e-04
462	4.4399200e-04
463	4.3840252e-04
464	4.3286619e-04
465	4.2739906e-04
466	4.2197376e-04
467	4.1661365e-04
468	4.1132839e-04
469	4.0607239e-04
470	4.0087532e-04
471	3.9575016e-04
472	3.9067751e-04
473	3.8563157e-04
474	3.8065284e-04
475	3.7573942e-04
476	3.7087142e-04
477	3.6606353e-04
478	3.6130848e-04
479	3.5660950e-04
480	3.5195527e-04
481	3.4737555e-04
482	3.4283995e-04
483	3.3837650e-04
484	3.3402126e-04
485	3.2960542e-04
486	3.2530434e-04
487	3.2106278e-04
488	3.1693076e-04
489	3.1273952e-04
490	3.0865290e-04
491	3.0463850e-04
492	3.0065249e-04
493	2.9674228e-04
494	2.9287222e-04
495	2.8905959e-04
496	2.8530040e-04
497	2.8158538e-04
498	2.7791635e-04
499	2.7430107e-04
500	2.7074321e-04
501	2.6722768e-04
502	2.6367203e-04
503	2.6032457e-04
504	2.5698010e-04
505	2.5361640e-04
506	2.5033506e-04
507	2.4710898e-04
508	2.4389417e-04
509	2.4073453e-04
510	2.3764030e-04
511	2.3455299e-04
512	2.3151888e-04
513	2.2852597e-04
514	2.2557785e-04
515	2.2267243e-04
516	2.1979841e-04
517	2.1696517e-04
518	2.1417243e-04
519	2.1141484e-04
520	2.0870361e-04
521	2.0601398e-04
522	2.0341418e-04
523	2.0076671e-04
524	1.9823469e-04
525	1.9567403e-04
526	1.9318104e-04
527	1.9071478e-04
528	1.8828736e-04
529	1.8591360e-04
530	1.8351577e-04
531	1.8119717e-04
532	1.7890318e-04
533	1.7663656e-04
534	1.7443247e-04
535	1.7220467e-04
536	1.7003610e-04
537	1.6793590e-04
538	1.6579153e-04
539	1.6371807e-04
540	1.6169764e-04
541	1.5965049e-04
542	1.5765287e-04
543	1.5572403e-04
544	1.5376334e-04
545	1.5185871e-04
546	1.4997185e-04
547	1.4811185e-04
548	1.4629903e-04
549	1.4450085e-04
550	1.4273368e-04
551	1.4097938e-04
552	1.3925829e-04
553	1.3755307e-04
554	1.3588107e-04
555	1.3423788e-04
556	1.3260799e-04
557	1.3101097e-04
558	1.2942551e-04
559	1.2786848e-04
560	1.2633605e-04
561	1.2483074e-04
562	1.2333055e-04
563	1.2187031e-04
564	1.2042290e-04
565	1.1899264e-04
566	1.1759169e-04
567	1.1620056e-04
568	1.1484685e-04
569	1.1349914e-04
570	1.1216686e-04
571	1.1086481e-04
572	1.0956739e-04
573	1.0830684e-04
574	1.0705629e-04
575	1.0581405e-04
576	1.0460708e-04
577	1.0340996e-04
578	1.0222983e-04
579	1.0107029e-04
580	9.9925346e-05
581	9.8792203e-05
582	9.7710203e-05
583	9.6593714e-05
584	9.5513176e-05
585	9.4447627e-05
586	9.3406961e-05
587	9.2364964e-05
588	9.1354887e-05
589	9.0350251e-05
590	8.9370944e-05
591	8.8398338e-05
592	8.7444634e-05
593	8.6496671e-05
594	8.5568936e-05
595	8.4651838e-05
596	8.3754079e-05
597	8.2872655e-05
598	8.2004022e-05
599	8.1129539e-05
600	8.0290542e-05
601	7.9456986e-05
602	7.8634977e-05
603	7.7825309e-05
604	7.7030993e-05
605	7.6240445e-05
606	7.5474258e-05
607	7.4708696e-05
608	7.3956740e-05
609	7.3226212e-05
610	7.2495568e-05
611	7.1781389e-05
612	7.1083261e-05
613	7.0380520e-05
614	6.9707276e-05
615	6.9034308e-05
616	6.8371512e-05
617	6.7716370e-05
618	6.7070039e-05
619	6.6434033e-05
620	6.5806955e-05
621	6.5196167e-05
622	6.4593296e-05
623	6.3994448e-05
624	6.3408152e-05
625	6.2831990e-05
626	6.2261650e-05
627	6.1692670e-05
628	6.1149934e-05
629	6.0597071e-05
630	6.0065478e-05
631	5.9535083e-05
632	5.9009326e-05
633	5.8498161e-05
634	5.7991794e-05
635	5.7494355e-05
636	5.7002111e-05
637	5.6515888e-05
638	5.6042718e-05
639	5.5569308e-05
640	5.5108627e-05
641	5.4649707e-05
642	5.4200518e-05
643	5.3757900e-05
644	5.3318265e-05
645	5.2896270e-05
646	5.2465472e-05
647	5.2044950e-05
648	5.1668871e-05
649	5.1232277e-05
650	5.0828068e-05
651	5.0439077e-05
652	5.0046627e-05
653	4.9663195e-05
654	4.9288126e-05
655	4.8917300e-05
656	4.8546295e-05
657	4.8187754e-05
658	4.7837093e-05
659	4.7479261e-05
660	4.7136378e-05
661	4.6792207e-05
662	4.6458201e-05
663	4.6123027e-05
664	4.5799836e-05
665	4.5477831e-05
666	4.5160152e-05
667	4.4844313e-05
668	4.4531684e-05
669	4.4233704e-05
670	4.3927528e-05
671	4.3634598e-05
672	4.3343145e-05
673	4.3054912e-05
674	4.2774165e-05
675	4.2489253e-05
676	4.2217918e-05
677	4.1945608e-05
678	4.1674826e-05
679	4.1412844e-05
680	4.1153962e-05
681	4.0898900e-05
682	4.0640789e-05
683	4.0392599e-05
684	4.0149393e-05
685	3.9907369e-05
686	3.9662762e-05
687	3.9427541e-05
688	3.9192313e-05
689	3.8968563e-05
690	3.8740989e-05
691	3.8518145e-05
692	3.8297872e-05
693	3.8082482e-05
694	3.7869799e-05
695	3.7656908e-05
696	3.7449023e-05
697	3.7246911e-05
698	3.7068512e-05
699	3.6844212e-05
700	3.6643145e-05
701	3.6450783e-05
702	3.6258600e-05
703	3.6068759e-05
704	3.5879577e-05
705	3.5695204e-05
706	3.5514826e-05
707	3.5334931e-05
708	3.5157860e-05
709	3.4984027e-05
710	3.4814952e-05
711	3.4640692e-05
712	3.4474651e-05
713	3.4311954e-05
714	3.4146822e-05
715	3.3982975e-05
716	3.3823202e-05
717	3.3670458e-05
718	3.3512857e-05
719	3.3361346e-05
720	3.3212029e-05
721	3.3063854e-05
722	3.2914329e-05
723	3.2770553e-05
724	3.2624925e-05
725	3.2484877e-05
726	3.2346088e-05
727	3.2206492e-05
728	3.2068627e-05
729	3.1937718e-05
730	3.1801181e-05
731	3.1670050e-05
732	3.1539577e-05
733	3.1413296e-05
734	3.1286141e-05
735	3.1155283e-05
736	3.1035855e-05
737	3.0915002e-05
738	3.0793144e-05
739	3.0673804e-05
740	3.0555148e-05
741	3.0440613e-05
742	3.0324307e-05
743	3.0212015e-05
744	3.0099756e-05
745	2.9988258e-05
746	2.9875358e-05
747	2.9771158e-05
748	2.9658599e-05
749	2.9557910e-05
750	2.9450204e-05
751	2.9344012e-05
752	2.9242874e-05
753	2.9143865e-05
754	2.9041947e-05
755	2.8944809e-05
756	2.8844450e-05
757	2.8752460e-05
758	2.8652408e-05
759	2.8557051e-05
760	2.8463159e-05
761	2.8373723e-05
762	2.8280485e-05
763	2.8189172e-05
764	2.8095092e-05
765	2.8009466e-05
766	2.7919741e-05
767	2.7834714e-05
768	2.7747546e-05
769	2.7661850e-05
770	2.7578126e-05
771	2.7493310e-05
772	2.7410684e-05
773	2.7330259e-05
774	2.7254842e-05
775	2.7166718e-05
776	2.7089052e-05
777	2.7011343e-05
778	2.6930398e-05
779	2.6854332e-05
780	2.6778531e-05
781	2.6703361e-05
782	2.6629197e-05
783	2.6553294e-05
784	2.6480244e-05
785	2.6406642e-05
786	2.6338712e-05
787	2.6263819e-05
788	2.6193668e-05
789	2.6123758e-05
790	2.6057343e-05
791	2.5987676e-05
792	2.5920881e-05
793	2.5853105e-05
794	2.5786263e-05
795	2.5720563e-05
796	2.5654646e-05
797	2.5589288e-05
798	2.5526342e-05
799	2.5462125e-05
800	2.5400053e-05
801	2.5357724e-05
802	2.5276182e-05
803	2.5215626e-05
804	2.5155596e-05
805	2.5094783e-05
806	2.5034164e-05
807	2.4975467e-05
808	2.4917254e-05
809	2.4861709e-05
810	2.4804591e-05
811	2.4747305e-05
812	2.4690824e-05
813	2.4634204e-05
814	2.4577392e-05
815	2.4523784e-05
816	2.4470626e-05
817	2.4416835e-05
818	2.4365450e-05
819	2.4310359e-05
820	2.4257561e-05
821	2.4207082e-05
822	2.4156363e-05
823	2.4105158e-05
824	2.4053445e-05
825	2.4003282e-05
826	2.3955703e-05
827	2.3906881e-05
828	2.3855611e-05
829	2.3809300e-05
830	2.3758637e-05
831	2.3712339e-05
832	2.3667626e-05
833	2.3618975e-05
834	2.3571418e-05
835	2.3524715e-05
836	2.3480437e-05
837	2.3434848e-05
838	2.3390648e-05
839	2.3344808e-05
840	2.3324066e-05
841	2.3280967e-05
842	2.3212438e-05
843	2.3170440e-05
844	2.3131068e-05
845	2.3084300e-05
846	2.3041290e-05
847	2.3001629e-05
848	2.2959504e-05
849	2.2915077e-05
850	2.2877533e-05
851	2.2835462e-05
852	2.2795981e-05
853	2.2754115e-05
854	2.2715760e-05
855	2.2676244e-05
856	2.2636326e-05
857	2.2599081e-05
858	2.2558661e-05
859	2.2520720e-05
860	2.2480497e-05
861	2.2444328e-05
862	2.2404502e-05
863	2.2367900e-05
864	2.2331120e-05
865	2.2295118e-05
866	2.2257134e-05
867	2.2220032e-05
868	2.2185683e-05
869	2.2147529e-05
870	2.2112310e-05
871	2.2078202e-05
872	2.2042268e-05
873	2.2005634e-05
874	2.1971739e-05
875	2.1934457e-05
876	2.1903412e-05
877	2.1868205e-05
878	2.1833621e-05
879	2.1798574e-05
880	2.1764732e-05
881	2.1731006e-05
882	2.1700364e-05
883	2.1666679e-05
884	2.1636208e-05
885	2.1598527e-05
886	2.1565125e-05
887	2.1532762e-05
888	2.1501748e-05
889	2.1468773e-05
890	2.1435691e-05
891	2.1404790e-05
892	2.1372662e-05
893	2.1341204e-05
894	2.1309503e-05
895	2.1277183e-05
896	2.1249589e-05
897	2.1215645e-05
898	2.1184629e-05
899	2.1153237e-05
900	2.1123813e-05
901	2.1090958e-05
902	2.1064719e-05
903	2.1030186e-05
904	2.1003072e-05
905	2.0970590e-05
906	2.0939842e-05
907	2.0912783e-05
908	2.0882386e-05
909	2.0852071e-05
910	2.0823902e-05
911	2.0795260e-05
912	2.0766282e-05
913	2.0736930e-05
914	2.0709134e-05
915	2.0679305e-05
916	2.0649977e-05
917	2.0621170e-05
918	2.0594678e-05
919	2.0564408e-05
920	2.0537422e-05
921	2.0508793e-05
922	2.0479603e-05
923	2.0453583e-05
924	2.0423618e-05
925	2.0397623e-05
926	2.0366131e-05
927	2.0341631e-05
928	2.0313781e-05
929	2.0289164e-05
930	2.0260133e-05
931	2.0232657e-05
932	2.0204330e-05
933	2.0181325e-05
934	2.0150508e-05
935	2.0123145e-05
936	2.0096146e-05
937	2.0070114e-05
938	2.0044152e-05
939	2.0017937e-05
940	1.9990339e-05
941	1.9964917e-05
942	1.9936722e-05
943	1.9913732e-05
944	1.9886318e-05
945	1.9856852e-05
946	1.9832893e-05
947	1.9809126e-05
948	1.9783516e-05
949	1.9757665e-05
950	1.9731799e-05
951	1.9705736e-05
952	1.9679990e-05
953	1.9654673e-05
954	1.9628380e-05
955	1.9603189e-05
956	1.9577548e-05
957	1.9554182e-05
958	1.9527923e-05
959	1.9502482e-05
960	1.9477488e-05
961	1.9453159e-05
962	1.9426385e-05
963	1.9399546e-05
964	1.9376923e-05
965	1.9353751e-05
966	1.9329376e-05
967	1.9303590e-05
968	1.9280909e-05
969	1.9253941e-05
970	1.9231702e-05
971	1.9208286e-05
972	1.9178973e-05
973	1.9157538e-05
974	1.9129497e-05
975	1.9107543e-05
976	1.9083120e-05
977	1.9058036e-05
978	1.9036581e-05
979	1.9011766e-05
980	1.8986191e-05
981	1.8963869e-05
982	1.8939652e-05
983	1.8915274e-05
984	1.8893325e-05
985	1.8867284e-05
986	1.8845867e-05
987	1.8822759e-05
988	1.8797005e-05
989	1.8774697e-05
990	1.8750659e-05
991	1.8727033e-05
992	1.8704914e-05
993	1.8676777e-05
994	1.8657758e-05
995	1.8632280e-05
996	1.8611498e-05
997	1.8588033e-05
998	1.8563156e-05
999	1.8538465e-05
1000	1.8516383e-05
1001	1.8494076e-05
1002	1.8470048e-05
1003	1.8449120e-05
1004	1.8427256e-05
1005	1.8402719e-05
1006	1.8376964e-05
1007	1.8355096e-05
1008	1.8332874e-05
1009	1.8311159e-05
1010	1.8287597e-05
1011	1.8265402e-05
1012	1.8243654e-05
1013	1.8221595e-05
1014	1.8198583e-05
1015	1.8173883e-05
1016	1.8153345e-05
1017	1.8129207e-05
1018	1.8109309e-05
1019	1.8085360e-05
1020	1.8061504e-05
1021	1.8041612e-05
1022	1.8018907e-05
1023	1.7997378e-05
1024	1.7972172e-05
1025	1.7951725e-05
1026	1.7929529e-05
1027	1.7908011e-05
1028	1.7884817e-05
1029	1.7865508e-05
1030	1.7841236e-05
1031	1.7821736e-05
1032	1.7795244e-05
1033	1.7774581e-05
1034	1.7755438e-05
1035	1.7732435e-05
1036	1.7711413e-05
1037	1.7690088e-05
1038	1.7668810e-05
1039	1.7646276e-05
1040	1.7624538e-05
1041	1.7601802e-05
1042	1.7580658e-05
1043	1.7558594e-05
1044	1.7538152e-05
1045	1.7517998e-05
1046	1.7495819e-05
1047	1.7473445e-05
1048	1.7453931e-05
1049	1.7432014e-05
1050	1.7409404e-05
1051	1.7388596e-05
1052	1.7367855e-05
1053	1.7345732e-05
1054	1.7324279e-05
1055	1.7305347e-05
1056	1.7282438e-05
1057	1.7262102e-05
1058	1.7240147e-05
1059	1.7218048e-05
1060	1.7197926e-05
1061	1.7177996e-05
1062	1.7155036e-05
1063	1.7136565e-05
1064	1.7116296e-05
1065	1.7093984e-05
1066	1.7073149e-05
1067	1.7050983e-05
1068	1.7028588e-05
1069	1.7011353e-05
1070	1.6989181e-05
1071	1.6968110e-05
1072	1.6947559e-05
1073	1.6927670e-05
1074	1.6904029e-05
1075	1.6886954e-05
1076	1.6863443e-05
1077	1.6843433e-05
1078	1.6823265e-05
1079	1.6802333e-05
1080	1.6784848e-05
1081	1.6764476e-05
1082	1.6742344e-05
1083	1.6723241e-05
1084	1.6703159e-05
1085	1.6682212e-05
1086	1.6663509e-05
1087	1.6642747e-05
1088	1.6619893e-05
1089	1.6600534e-05
1090	1.6579555e-05
1091	1.6562024e-05
1092	1.6541735e-05
1093	1.6520200e-05
1094	1.6500378e-05
1095	1.6481628e-05
1096	1.6461268e-05
1097	1.6440599e-05
1098	1.6395124e-05
1099	1.6400596e-05
1100	1.6379965e-05
1101	1.6363563e-05
1102	1.6341199e-05
1103	1.6338832e-05
1104	1.6299993e-05
1105	1.6281445e-05
1106	1.6261647e-05
1107	1.6241316e-05
1108	1.6222026e-05
1109	1.6202912e-05
1110	1.6184340e-05
1111	1.6163804e-05
1112	1.6143127e-05
1113	1.6124097e-05
1114	1.6104228e-05
1115	1.6083362e-05
1116	1.6064971e-05
1117	1.6047439e-05
1118	1.6027543e-05
1119	1.6007272e-05
1120	1.5988042e-05
1121	1.5969968e-05
1122	1.5948948e-05
1123	1.5928614e-05
1124	1.5910506e-05
1125	1.5889078e-05
1126	1.5872800e-05
1127	1.5851645e-05
1128	1.5833572e-05
1129	1.5825646e-05
1130	1.5796601e-05
1131	1.5776110e-05
1132	1.5757345e-05
1133	1.5737736e-05
1134	1.5718617e-05
1135	1.5699834e-05
1136	1.5679272e-05
1137	1.5659878e-05
1138	1.5642607e-05
1139	1.5622658e-05
1140	1.5601498e-05
1141	1.5585143e-05
1142	1.5568288e-05
1143	1.5549273e-05
1144	1.5528442e-05
1145	1.5523019e-05
1146	1.5490565e-05
1147	1.5473908e-05
1148	1.5452868e-05
1149	1.5437006e-05
1150	1.5414729e-05
1151	1.5399690e-05
1152	1.5380489e-05
1153	1.5360134e-05
1154	1.5342061e-05
1155	1.5324418e-05
1156	1.5301839e-05
1157	1.5284721e-05
1158	1.5269390e-05
1159	1.5248744e-05
1160	1.5230901e-05
1161	1.5210554e-05
1162	1.5193207e-05
1163	1.5174439e-05
1164	1.5156796e-05
1165	1.5136146e-05
1166	1.5118901e-05
1167	1.5100991e-05
1168	1.5083977e-05
1169	1.5063946e-05
1170	1.5044215e-05
1171	1.5027766e-05
1172	1.5009352e-05
1173	1.4990887e-05
1174	1.4974617e-05
1175	1.4956138e-05
1176	1.4936285e-05
1177	1.4934100e-05
1178	1.4900389e-05
1179	1.4883492e-05
1180	1.4865156e-05
1181	1.4842495e-05
1182	1.4828302e-05
1183	1.4810965e-05
1184	1.4791446e-05
1185	1.4773569e-05
1186	1.4755552e-05
1187	1.4739381e-05
1188	1.4719419e-05
1189	1.4702247e-05
1190	1.4685925e-05
1191	1.4666708e-05
1192	1.4647158e-05
1193	1.4632945e-05
1194	1.4612598e-05
1195	1.4592901e-05
1196	1.4577752e-05
1197	1.4558810e-05
1198	1.4540900e-05
1199	1.4518962e-05
1200	1.4505200e-05
1201	1.4487866e-05
1202	1.4470602e-05
1203	1.4452708e-05
1204	1.4434463e-05
1205	1.4418426e-05
1206	1.4400371e-05
1207	1.4381523e-05
1208	1.4365229e-05
1209	1.4348580e-05
1210	1.4330003e-05
1211	1.4313237e-05
1212	1.4295834e-05
1213	1.4278573e-05
1214	1.4261100e-05
1215	1.4243708e-05
1216	1.4224428e-05
1217	1.4208531e-05
1218	1.4191610e-05
1219	1.4175786e-05
1220	1.4153731e-05
1221	1.4138313e-05
1222	1.4120865e-05
1223	1.4104490e-05
1224	1.4087641e-05
1225	1.4068544e-05
1226	1.4058052e-05
1227	1.4034483e-05
1228	1.4018485e-05
1229	1.3999874e-05
1230	1.3984688e-05
1231	1.3965458e-05
1232	1.3950233e-05
1233	1.3932430e-05
1234	1.3916310e-05
1235	1.3897775e-05
1236	1.3879134e-05
1237	1.3863658e-05
1238	1.3847995e-05
1239	1.3829966e-05
1240	1.3813505e-05
1241	1.3794338e-05
1242	1.3779601e-05
1243	1.3760663e-05
1244	1.3742530e-05
1245	1.3739053e-05
1246	1.3712842e-05
1247	1.3695495e-05
1248	1.3677537e-05
1249	1.3658469e-05
1250	1.3641824e-05
1251	1.3619763e-05
1252	1.3609731e-05
1253	1.3593147e-05
1254	1.3576533e-05
1255	1.3558468e-05
1256	1.3542722e-05
1257	1.3524416e-05
1258	1.3507953e-05
1259	1.3491445e-05
1260	1.3477015e-05
1261	1.3457707e-05
1262	1.3442351e-05
1263	1.3425478e-05
1264	1.3408110e-05
1265	1.3390997e-05
1266	1.3373628e-05
1267	1.3362235e-05
1268	1.3343251e-05
1269	1.3325484e-05
1270	1.3308300e-05
1271	1.3292042e-05
1272	1.3276448e-05
1273	1.3259206e-05
1274	1.3243302e-05
1275	1.3225927e-05
1276	1.3210586e-05
1277	1.3194920e-05
1278	1.3177101e-05
1279	1.3159155e-05
1280	1.3143032e-05
1281	1.3127446e-05
1282	1.3112556e-05
1283	1.3093660e-05
1284	1.3080036e-05
1285	1.3060663e-05
1286	1.3045398e-05
1287	1.3033205e-05
1288	1.3013067e-05
1289	1.2998161e-05
1290	1.2980000e-05
1291	1.2965257e-05
1292	1.2946594e-05
1293	1.2930531e-05
1294	1.2915637e-05
1295	1.2899312e-05
1296	1.2884371e-05
1297	1.2868458e-05
1298	1.2849319e-05
1299	1.2834570e-05
1300	1.2820292e-05
1301	1.2803580e-05
1302	1.2786267e-05
1303	1.2770390e-05
1304	1.2755215e-05
1305	1.2737711e-05
1306	1.2718043e-05
1307	1.2706239e-05
1308	1.2690677e-05
1309	1.2674070e-05
1310	1.2658158e-05
1311	1.2642226e-05
1312	1.2627027e-05
1313	1.2623149e-05
1314	1.2595489e-05
1315	1.2578944e-05
1316	1.2563268e-05
1317	1.2546413e-05
1318	1.2532736e-05
1319	1.2516204e-05
1320	1.2498756e-05
1321	1.2483196e-05
1322	1.2469089e-05
1323	1.2455489e-05
1324	1.2437630e-05
1325	1.2423003e-05
1326	1.2404968e-05
1327	1.2389227e-05
1328	1.2372897e-05
1329	1.2357683e-05
1330	1.2343341e-05
1331	1.2326255e-05
1332	1.2312248e-05
1333	1.2296259e-05
1334	1.2282107e-05
1335	1.2265308e-05
1336	1.2248896e-05
1337	1.2234257e-05
1338	1.2220541e-05
1339	1.2203826e-05
1340	1.2186712e-05
1341	1.2170928e-05
1342	1.2155269e-05
1343	1.2139586e-05
1344	1.2123591e-05
1345	1.2110223e-05
1346	1.2097876e-05
1347	1.2079371e-05
1348	1.2063197e-05
1349	1.2047550e-05
1350	1.2032408e-05
1351	1.2015985e-05
1352	1.2000797e-05
1353	1.1986162e-05
1354	1.1971312e-05
1355	1.1956995e-05
1356	1.1940043e-05
1357	1.1924881e-05
1358	1.1909477e-05
1359	1.1893630e-05
1360	1.1879639e-05
1361	1.1863773e-05
1362	1.1849194e-05
1363	1.1832879e-05
1364	1.1817884e-05
1365	1.1801455e-05
1366	1.1787447e-05
1367	1.1771876e-05
1368	1.1756422e-05
1369	1.1741093e-05
1370	1.1725976e-05
1371	1.1713023e-05
1372	1.1696456e-05
1373	1.1681280e-05
1374	1.1668800e-05
1375	1.1650532e-05
1376	1.1635944e-05
1377	1.1621782e-05
1378	1.1606459e-05
1379	1.1590034e-05
1380	1.1576357e-05
1381	1.1560350e-05
1382	1.1546715e-05
1383	1.1530436e-05
1384	1.1517307e-05
1385	1.1502513e-05
1386	1.1486714e-05
1387	1.1470717e-05
1388	1.1458491e-05
1389	1.1442388e-05
1390	1.1427132e-05
1391	1.1412019e-05
1392	1.1399275e-05
1393	1.1384494e-05
1394	1.1380883e-05
1395	1.1353110e-05
1396	1.1338542e-05
1397	1.1322799e-05
1398	1.1306015e-05
1399	1.1293055e-05
1400	1.1278898e-05
1401	1.1265772e-05
1402	1.1249307e-05
1403	1.1235888e-05
1404	1.1219267e-05
1405	1.1205343e-05
1406	1.1190550e-05
1407	1.1174343e-05
1408	1.1163086e-05
1409	1.1146657e-05
1410	1.1130965e-05
1411	1.1116572e-05
1412	1.1102123e-05
1413	1.1087213e-05
1414	1.1072614e-05
1415	1.1059445e-05
1416	1.1045690e-05
1417	1.1030846e-05
1418	1.1015832e-05
1419	1.1004205e-05
1420	1.0988088e-05
1421	1.0973384e-05
1422	1.0956458e-05
1423	1.0943812e-05
1424	1.0927825e-05
1425	1.0914683e-05
1426	1.0898638e-05
1427	1.0886152e-05
1428	1.0871740e-05
1429	1.0856693e-05
1430	1.0841618e-05
1431	1.0829047e-05
1432	1.0814307e-05
1433	1.0801180e-05
1434	1.0785800e-05
1435	1.0770799e-05
1436	1.0754989e-05
1437	1.0741814e-05
1438	1.0729153e-05
1439	1.0715738e-05
1440	1.0699365e-05
1441	1.0686515e-05
1442	1.0672146e-05
1443	1.0658237e-05
1444	1.0642459e-05
1445	1.0629755e-05
1446	1.0614971e-05
1447	1.0602089e-05
1448	1.0587556e-05
1449	1.0569496e-05
1450	1.0557912e-05
1451	1.0558556e-05
1452	1.0530901e-05
1453	1.0518871e-05
1454	1.0502036e-05
1455	1.0488259e-05
1456	1.0475181e-05
1457	1.0459572e-05
1458	1.0444758e-05
1459	1.0431457e-05
1460	1.0418280e-05
1461	1.0404754e-05
1462	1.0388798e-05
1463	1.0391078e-05
1464	1.0362462e-05
1465	1.0347715e-05
1466	1.0336309e-05
1467	1.0315061e-05
1468	1.0308623e-05
1469	1.0293473e-05
1470	1.0279542e-05
1471	1.0263014e-05
1472	1.0250304e-05
1473	1.0237892e-05
1474	1.0226453e-05
1475	1.0210789e-05
1476	1.0198470e-05
1477	1.0181838e-05
1478	1.0169236e-05
1479	1.0156429e-05
1480	1.0140941e-05
1481	1.0128078e-05
1482	1.0114120e-05
1483	1.0099124e-05
1484	1.0087377e-05
1485	1.0073092e-05
1486	1.0058204e-05
1487	1.0044473e-05
1488	1.0033636e-05
1489	1.0017850e-05
1490	1.0005714e-05
1491	9.9905637e-06
1492	9.9866402e-06
1493	9.9632880e-06
1494	9.9511481e-06
1495	9.9377557e-06
1496	9.9235067e-06
1497	9.9107938e-06
1498	9.8975752e-06
1499	9.8847586e-06
1500	3.4731292e-04
1501	1.3938674e-04
1502	2.4861327e-04
1503	5.2689629e-05
1504	3.5236022e-05
1505	1.3305320e-04
1506	1.3102520e-04
1507	4.9337163e-05
1508	9.5770529e-06
1509	4.7488236e-05
1510	8.4114406e-05
1511	6.0916122e-05
1512	1.8882691e-05
1513	1.3319125e-05
1514	3.9001756e-05
1515	5.2941876e-05
1516	3.7015885e-05
1517	1.3549929e-05
1518	1.0536666e-05
1519	2.6506716e-05
1520	3.5419198e-05
1521	2.4945643e-05
1522	1.0716387e-05
1523	1.0197244e-05
1524	1.9898025e-05
1525	2.4154562e-05
1526	1.7414481e-05
1527	9.4240668e-06
1528	1.0128607e-05
1529	1.6318614e-05
1530	1.7597828e-05
1531	1.2198084e-05
1532	8.1427615e-06
1533	1.0236214e-05
1534	1.3968340e-05
1535	1.3422185e-05
1536	9.6675676e-06
1537	8.1261824e-06
1538	1.0219593e-05
1539	1.1836152e-05
1540	1.0290783e-05
1541	8.1913859e-06
1542	8.5692709e-06
1543	1.0176514e-05
1544	1.0098503e-05
1545	8.4957410e-06
1546	7.8785424e-06
1547	8.8597053e-06
1548	9.4529223e-06
1549	8.6287855e-06
1550	7.8204966e-06
1551	8.1894814e-06
1552	8.7774597e-06
1553	8.4596986e-06
1554	7.8031144e-06
1555	7.8583716e-06
1556	8.3223540e-06
1557	8.2314446e-06
1558	7.7449013e-06
1559	7.6802216e-06
1560	7.9977590e-06
1561	8.0111595e-06
1562	7.6843280e-06
1563	7.5873390e-06
1564	7.7790473e-06
1565	7.7950272e-06
1566	7.5750631e-06
1567	7.5036551e-06
1568	7.6370534e-06
1569	7.6444985e-06
1570	7.4790041e-06
1571	7.4247596e-06
1572	7.5053899e-06
1573	7.4990508e-06
1574	7.3868682e-06
1575	7.3556253e-06
1576	7.4057630e-06
1577	7.3795422e-06
1578	7.2960593e-06
1579	7.2820712e-06
1580	7.3079277e-06
1581	7.2736261e-06
1582	7.2133389e-06
1583	7.2099033e-06
1584	7.2188031e-06
1585	7.1827931e-06
1586	7.1378859e-06
1587	7.1343293e-06
1588	7.1265154e-06
1589	7.0872811e-06
1590	7.0633555e-06
1591	7.0600649e-06
1592	7.0401552e-06
1593	7.0053047e-06
1594	6.9863968e-06
1595	6.9782714e-06
1596	6.9522594e-06
1597	6.9268367e-06
1598	6.9122416e-06
1599	6.8970367e-06
1600	6.8694717e-06
1601	6.8507452e-06
1602	6.8337336e-06
1603	6.8126369e-06
1604	6.7899050e-06
1605	6.7740380e-06
1606	6.7546721e-06
1607	6.7371579e-06
1608	6.7121073e-06
1609	6.6933685e-06
1610	6.6724879e-06
1611	6.6520570e-06
1612	6.6337252e-06
1613	6.6142798e-06
1614	6.5926756e-06
1615	6.5717654e-06
1616	6.5521394e-06
1617	6.5361369e-06
1618	6.5132122e-06
1619	6.4932442e-06
1620	6.4749970e-06
1621	6.4523306e-06
1622	6.4321648e-06
1623	6.4129940e-06
1624	6.3928760e-06
1625	6.3724133e-06
1626	6.3628800e-06
1627	6.3319517e-06
1628	6.3112579e-06
1629	6.2908925e-06
1630	6.2718118e-06
1631	6.2532058e-06
1632	6.2316744e-06
1633	6.2117088e-06
1634	6.1907413e-06
1635	6.1706523e-06
1636	6.1504929e-06
1637	6.1307528e-06
1638	6.1086430e-06
1639	6.0897787e-06
1640	6.0695661e-06
1641	6.0489510e-06
1642	6.0278853e-06
1643	6.0073435e-06
1644	5.9881568e-06
1645	5.9676836e-06
1646	5.9472727e-06
1647	5.9269678e-06
1648	5.9072213e-06
1649	5.8852984e-06
1650	5.8633741e-06
1651	5.8451260e-06
1652	5.8249789e-06
1653	5.8047367e-06
1654	5.7814955e-06
1655	5.7638113e-06
1656	5.7426660e-06
1657	5.7228067e-06
1658	5.7021480e-06
1659	5.6831936e-06
1660	5.6612498e-06
1661	5.6410627e-06
1662	5.6213416e-06
1663	5.6000258e-06
1664	5.5798569e-06
1665	5.5583241e-06
1666	5.5392206e-06
1667	5.5171772e-06
1668	5.4982115e-06
1669	5.4769976e-06
1670	5.4586721e-06
1671	5.4370812e-06
1672	5.4168904e-06
1673	5.3961398e-06
1674	5.3771055e-06
1675	5.3553581e-06
1676	5.3349486e-06
1677	5.3147919e-06
1678	5.2948567e-06
1679	5.2751161e-06
1680	5.2549517e-06
1681	5.2333521e-06
1682	5.2152841e-06
1683	5.1927323e-06
1684	5.1724946e-06
1685	5.1516240e-06
1686	5.1322313e-06
1687	5.1113489e-06
1688	5.0925796e-06
1689	5.0717231e-06
1690	5.0507711e-06
1691	5.0301992e-06
1692	5.0100430e-06
1693	4.9911337e-06
1694	4.9698069e-06
1695	4.9495816e-06
1696	4.9296586e-06
1697	4.9107925e-06
1698	4.8893662e-06
1699	4.8697725e-06
1700	4.8476900e-06
1701	4.8286151e-06
1702	4.8076604e-06
1703	4.7889744e-06
1704	4.7689941e-06
1705	4.7480389e-06
1706	4.7287208e-06
1707	4.7087683e-06
1708	4.6892019e-06
1709	4.6681553e-06
1710	4.6483783e-06
1711	4.6278792e-06
1712	4.6088012e-06
1713	4.5888960e-06
1714	4.5685101e-06
1715	4.5467264e-06
1716	4.5265874e-06
1717	4.5088950e-06
1718	4.4900712e-06
1719	4.4697667e-06
1720	4.4490153e-06
1721	4.4300423e-06
1722	4.4090261e-06
1723	4.3896221e-06
1724	4.3702448e-06
1725	4.3511068e-06
1726	4.3305431e-06
1727	4.3109649e-06
1728	4.2913521e-06
1729	4.2724482e-06
1730	4.2518905e-06
1731	4.2334036e-06
1732	4.2136553e-06
1733	4.1924745e-06
1734	4.1739995e-06
1735	4.1549470e-06
1736	4.1346871e-06
1737	4.1155267e-06
1738	4.0958907e-06
1739	4.0771729e-06
1740	4.0564059e-06
1741	4.0373998e-06
1742	4.0185646e-06
1743	3.9989077e-06
1744	3.9796628e-06
1745	3.9603015e-06
1746	3.9407878e-06
1747	3.9219408e-06
1748	3.9025313e-06
1749	3.8849926e-06
1750	3.8646172e-06
1751	3.8452990e-06
1752	3.8270355e-06
1753	3.8075652e-06
1754	3.7881309e-06
1755	3.7699954e-06
1756	3.7500522e-06
1757	3.7319562e-06
1758	3.7124062e-06
1759	3.6936715e-06
1760	3.6748568e-06
1761	3.6563081e-06
1762	3.6373574e-06
1763	3.6181211e-06
1764	3.5989178e-06
1765	3.5807268e-06
1766	3.5619266e-06
1767	3.5428909e-06
1768	3.5274898e-06
1769	3.5064859e-06
1770	3.4877214e-06
1771	3.4752768e-06
1772	3.4510786e-06
1773	3.4320040e-06
1774	3.4136772e-06
1775	3.3964036e-06
1776	3.3771105e-06
1777	3.3582182e-06
1778	3.3398399e-06
1779	3.3225499e-06
1780	3.3038989e-06
1781	3.2860135e-06
1782	3.2676401e-06
1783	3.2500768e-06
1784	3.2309890e-06
1785	3.2132011e-06
1786	3.1947266e-06
1787	3.1778136e-06
1788	3.1594298e-06
1789	3.1406860e-06
1790	3.1232196e-06
1791	3.1046893e-06
1792	3.0876647e-06
1793	3.0699000e-06
1794	3.0516167e-06
1795	3.0343808e-06
1796	3.0174049e-06
1797	2.9995099e-06
1798	2.9818477e-06
1799	2.9642260e-06
1800	2.9471687e-06
1801	2.9285484e-06
1802	2.9117566e-06
1803	2.8937645e-06
1804	2.8769937e-06
1805	2.8590446e-06
1806	2.8424199e-06
1807	2.8245149e-06
1808	2.8073575e-06
1809	2.7903116e-06
1810	2.7733265e-06
1811	2.7568203e-06
1812	2.7394369e-06
1813	2.7222811e-06
1814	2.7052640e-06
1815	2.6885909e-06
1816	2.6709904e-06
1817	2.6543032e-06
1818	2.6382688e-06
1819	2.6217078e-06
1820	2.6048467e-06
1821	2.5869833e-06
1822	2.5717545e-06
1823	2.5544612e-06
1824	2.5379261e-06
1825	2.5219458e-06
1826	2.5051856e-06
1827	2.4885969e-06
1828	2.4729168e-06
1829	2.4558769e-06
1830	2.4395147e-06
1831	2.4239150e-06
1832	2.4073563e-06
1833	2.3918503e-06
1834	2.3753471e-06
1835	2.3589937e-06
1836	2.3429482e-06
1837	2.3278540e-06
1838	2.3119469e-06
1839	2.2954780e-06
1840	2.2799873e-06
1841	2.2645543e-06
1842	2.2488664e-06
1843	2.2324068e-06
1844	2.2168601e-06
1845	2.2010552e-06
1846	2.1856010e-06
1847	2.1707212e-06
1848	2.1552005e-06
1849	2.1401052e-06
1850	2.1245985e-06
1851	2.1091705e-06
1852	2.0943648e-06
1853	2.0795283e-06
1854	2.0638313e-06
1855	2.0484281e-06
1856	2.0338309e-06
1857	2.0193791e-06
1858	2.0039643e-06
1859	1.9893205e-06
1860	1.9744882e-06
1861	1.9592524e-06
1862	1.9451738e-06
1863	1.9295296e-06
1864	1.9156671e-06
1865	1.9004123e-06
1866	1.8865084e-06
1867	1.8723021e-06
1868	1.8578957e-06
1869	1.8431000e-06
1870	1.8291508e-06
1871	1.8147317e-06
1872	1.8004999e-06
1873	1.7863118e-06
1874	1.7729438e-06
1875	1.7587578e-06
1876	1.7442171e-06
1877	1.7299898e-06
1878	1.7172141e-06
1879	1.7023903e-06
1880	1.6896474e-06
1881	1.6757464e-06
1882	1.6616982e-06
1883	1.6488398e-06
1884	1.6348071e-06
1885	1.6218919e-06
1886	1.6083862e-06
1887	1.5950362e-06
1888	1.5820509e-06
1889	1.5685996e-06
1890	1.5555343e-06
1891	1.5420679e-06
1892	1.5297190e-06
1893	1.5187585e-06
1894	1.5031125e-06
1895	1.4904817e-06
1896	1.4777294e-06
1897	1.4653228e-06
1898	1.4525871e-06
1899	1.4399740e-06
1900	1.4276787e-06
1901	1.4147014e-06
1902	1.4021419e-06
1903	1.3897987e-06
1904	1.3776365e-06
1905	1.3658495e-06
1906	1.3533604e-06
1907	1.3415389e-06
1908	1.3300472e-06
1909	1.3173018e-06
1910	1.3056342e-06
1911	1.2938850e-06
1912	1.2815613e-06
1913	1.2703251e-06
1914	1.2585856e-06
1915	1.2508965e-06
1916	1.2351067e-06
1917	1.2242808e-06
1918	1.2127477e-06
1919	1.2012943e-06
1920	1.1903611e-06
1921	1.1783745e-06
1922	1.1676360e-06
1923	1.1561436e-06
1924	1.1456418e-06
1925	1.1344302e-06
1926	1.1238343e-06
1927	1.1130560e-06
1928	1.1015608e-06
1929	1.0911290e-06
1930	1.0793090e-06
1931	1.0704335e-06
1932	1.0593634e-06
1933	1.0490766e-06
1934	1.0385526e-06
1935	1.0282421e-06
1936	1.0181076e-06
1937	1.0080270e-06
1938	9.9847409e-07
1939	9.8781072e-07
1940	9.7770135e-07
1941	9.6783594e-07
1942	9.5726057e-07
1943	9.4797275e-07
1944	9.3841231e-07
1945	9.2892520e-07
1946	9.1909556e-07
1947	9.0943769e-07
1948	9.0037020e-07
1949	8.9080049e-07
1950	8.8103189e-07
1951	8.7239567e-07
1952	8.6291612e-07
1953	8.5402189e-07
1954	8.4482053e-07
1955	8.3583654e-07
1956	8.2693333e-07
1957	8.1810066e-07
1958	8.0907517e-07
1959	8.0074284e-07
1960	7.9191665e-07
1961	7.8347063e-07
1962	7.7485521e-07
1963	7.6646046e-07
1964	7.5776171e-07
1965	7.4931881e-07
1966	7.4146652e-07
1967	7.3333473e-07
1968	7.2492554e-07
1969	7.1710798e-07
1970	7.0876803e-07
1971	7.0087867e-07
1972	6.9310209e-07
1973	6.8520814e-07
1974	6.7767695e-07
1975	6.6978708e-07
1976	6.6224226e-07
1977	6.5568980e-07
1978	6.4699253e-07
1979	6.3946186e-07
1980	6.3233762e-07
1981	6.2485270e-07
1982	6.1730810e-07
1983	6.1068801e-07
1984	6.0307798e-07
1985	5.9610778e-07
1986	5.8936962e-07
1987	5.8217472e-07
1988	5.7507538e-07
1989	5.6872142e-07
1990	5.6174645e-07
1991	5.5490165e-07
1992	5.4913545e-07
1993	5.4176064e-07
1994	5.3537116e-07
1995	5.2894296e-07
1996	5.2246276e-07
1997	5.1608532e-07
1998	5.0987961e-07
1999	5.0368720e-07