1	7.435877E+00	3.7134886
2	3.084650E+00	3.7170258
3	1.796257E+00	3.7171175
4	1.120139E+00	3.7164325
5	7.280459E-01	3.7155189
6	4.757277E-01	3.7144307
7	3.288741E-01	3.7130730
8	2.148064E-01	3.7117455
9	1.513864E-01	3.7106062
10	1.080413E-01	3.7096469
11	8.137754E-02	3.7087465
12	7.518822E-02	3.7077990
13	6.504288E-02	3.7069867
14	6.579476E-02	3.7063789
15	6.312100E-02	3.7059270
16	6.062284E-02	3.7054729
17	6.174065E-02	3.7049251
18	5.843071E-02	3.7043748
19	6.167891E-02	3.7037806
20	5.917777E-02	3.7029997
21	6.374937E-02	3.7019570
22	6.160412E-02	3.7007496
23	6.480824E-02	3.6994286
24	6.150459E-02	3.6979804
25	6.187548E-02	3.6963931
26	5.696527E-02	3.6947361
27	5.498688E-02	3.6930734
28	5.003377E-02	3.6914082
29	4.678211E-02	3.6897240
30	4.290644E-02	3.6880505
31	3.904173E-02	3.6864342
32	3.647684E-02	3.6848927
33	3.254956E-02	3.6834046
34	3.040796E-02	3.6819458
35	2.731533E-02	3.6805335
36	2.511657E-02	3.6791903
37	2.329844E-02	3.6779148
38	2.150631E-02	3.6766827
39	2.086381E-02	3.6754694
40	1.997334E-02	3.6742817
41	1.975919E-02	3.6731387
42	1.978027E-02	3.6720361
43	1.952862E-02	3.6709472
44	1.956571E-02	3.6698530
45	1.896369E-02	3.6687597
46	1.852841E-02	3.6676784
47	1.762883E-02	3.6666006
48	1.661915E-02	3.6655044
49	1.567857E-02	3.6643781
50	1.470878E-02	3.6632313
51	1.389078E-02	3.6620751
52	1.312967E-02	3.6609055
53	1.254858E-02	3.6597137
54	1.207152E-02	3.6585009
55	1.170224E-02	3.6572826
56	1.149406E-02	3.6560687
57	1.117789E-02	3.6548543
58	1.105956E-02	3.6536364
59	1.081195E-02	3.6524265
60	1.069247E-02	3.6512337
61	1.050706E-02	3.6500537
62	1.035468E-02	3.6488747
63	1.011107E-02	3.6477041
64	9.915884E-03	3.6465404
65	9.674046E-03	3.6453738
66	9.501321E-03	3.6441918
67	9.302198E-03	3.6429948
68	9.157817E-03	3.6417833
69	8.995193E-03	3.6405484
70	8.830810E-03	3.6392923
71	8.713142E-03	3.6380265
72	8.568491E-03	3.6367588
73	8.453420E-03	3.6354897
74	8.368709E-03	3.6342285
75	8.299938E-03	3.6329861
76	8.171821E-03	3.6317586
77	8.075985E-03	3.6305457
78	7.972381E-03	3.6293492
79	7.848619E-03	3.6281646
80	7.737874E-03	3.6269854
81	7.621295E-03	3.6258083
82	7.548774E-03	3.6246339
83	7.454922E-03	3.6234589
84	7.381290E-03	3.6222783
85	7.291609E-03	3.6210953
86	7.227523E-03	3.6199110
87	7.148928E-03	3.6187254
88	7.089976E-03	3.6175421
89	7.019984E-03	3.6163651
90	6.951512E-03	3.6151999
91	6.881705E-03	3.6140448
92	6.795112E-03	3.6129027
93	6.729298E-03	3.6117726
94	6.659407E-03	3.6106492
95	6.602129E-03	3.6095343
96	6.531382E-03	3.6084248
97	6.452175E-03	3.6073162
98	6.396694E-03	3.6062069
99	6.336782E-03	3.6050969
100	6.277443E-03	3.6039856
101	6.233089E-03	3.6028656
102	6.171333E-03	3.6017428
103	6.113734E-03	3.6006212
104	6.056756E-03	3.5995005
105	6.004203E-03	3.5983810
106	5.948137E-03	3.5972681
107	5.889111E-03	3.5961607
108	5.837282E-03	3.5950585
109	5.791724E-03	3.5939645
110	5.727025E-03	3.5928733
111	5.665589E-03	3.5917839
112	5.620382E-03	3.5906987
113	5.566237E-03	3.5896145
114	5.536099E-03	3.5885281
115	5.480735E-03	3.5874446
116	5.431553E-03	3.5863618
117	5.396568E-03	3.5852751
118	5.352532E-03	3.5841927
119	5.299617E-03	3.5831142
120	5.260841E-03	3.5820375
121	5.221023E-03	3.5809666
122	5.177413E-03	3.5798998
123	5.143974E-03	3.5788356
124	5.105030E-03	3.5777792
125	5.057585E-03	3.5767234
126	5.017452E-03	3.5756657
127	4.970849E-03	3.5746116
128	4.929672E-03	3.5735568
129	4.894591E-03	3.5725000
130	4.846669E-03	3.5714477
131	4.805224E-03	3.5703972
132	4.766143E-03	3.5693483
133	4.735580E-03	3.5683049
134	4.690319E-03	3.5672614
135	4.648926E-03	3.5662173
136	4.623917E-03	3.5651792
137	4.589082E-03	3.5641425
138	4.549921E-03	3.5631107
139	4.520135E-03	3.5620887
140	4.499153E-03	3.5610648
141	4.451960E-03	3.5600417
142	4.416842E-03	3.5590187
143	4.379957E-03	3.5579954
144	4.344203E-03	3.5569770
145	4.306251E-03	3.5559612
146	4.274679E-03	3.5549477
147	4.239384E-03	3.5539412
148	4.203244E-03	3.5529367
149	4.171594E-03	3.5519355
150	4.141480E-03	3.5509384
151	4.115821E-03	3.5499421
152	4.081721E-03	3.5489520
153	4.048121E-03	3.5479653
154	4.017208E-03	3.5469827
155	3.988634E-03	3.5460068
156	3.962418E-03	3.5450321
157	3.932108E-03	3.5440630
158	3.901487E-03	3.5430970
159	3.872306E-03	3.5421305
160	3.846318E-03	3.5411689
161	3.813316E-03	3.5402077
162	3.784251E-03	3.5392494
163	3.758579E-03	3.5382963
164	3.742345E-03	3.5373403
165	3.711888E-03	3.5363923
166	3.677537E-03	3.5354420
167	3.641389E-03	3.5344942
168	3.618237E-03	3.5335504
169	3.588799E-03	3.5326072
170	3.562889E-03	3.5316721
171	3.542433E-03	3.5307366
172	3.496316E-03	3.5298065
173	3.474728E-03	3.5288805
174	3.453036E-03	3.5279568
175	3.424435E-03	3.5270376
176	3.402268E-03	3.5261163
177	3.382886E-03	3.5251977
178	3.356821E-03	3.5242809
179	3.323352E-03	3.5233677
180	3.300694E-03	3.5224576
181	3.276954E-03	3.5215512
182	3.253243E-03	3.5206487
183	3.229637E-03	3.5197485
184	3.204940E-03	3.5188532
185	3.180419E-03	3.5179621
186	3.156094E-03	3.5170744
187	3.133720E-03	3.5161904
188	3.109999E-03	3.5153072
189	3.081176E-03	3.5144239
190	3.062920E-03	3.5135409
191	3.040228E-03	3.5126591
192	3.014135E-03	3.5117789
193	2.990939E-03	3.5109007
194	2.969724E-03	3.5100274
195	2.952759E-03	3.5091575
196	2.931727E-03	3.5082929
197	2.909401E-03	3.5074301
198	2.883620E-03	3.5065713
199	2.865862E-03	3.5057108
200	2.847686E-03	3.5048558
201	2.828478E-03	3.5039973
202	2.811614E-03	3.5031428
203	2.802297E-03	3.5022837
204	2.791524E-03	3.5014349
205	2.789291E-03	3.5005776
206	2.807884E-03	3.4997399
207	2.848813E-03	3.4988866
208	2.927848E-03	3.4980625
209	2.991840E-03	3.4972106
210	3.109424E-03	3.4963947
211	3.134096E-03	3.4955405
212	3.116679E-03	3.4947255
213	2.909043E-03	3.4938801
214	2.699986E-03	3.4930560
215	2.555326E-03	3.4922278
216	2.549176E-03	3.4913937
217	2.638493E-03	3.4905818
218	2.714204E-03	3.4897449
219	2.720939E-03	3.4889373
220	2.636270E-03	3.4881093
221	2.510779E-03	3.4873029
222	2.423977E-03	3.4864957
223	2.393802E-03	3.4856927
224	2.393359E-03	3.4849002
225	2.397377E-03	3.4840998
226	2.396797E-03	3.4833112
227	2.367651E-03	3.4825141
228	2.339288E-03	3.4817262
229	2.301823E-03	3.4809346
230	2.283499E-03	3.4801443
231	2.272186E-03	3.4793585
232	2.266508E-03	3.4785712
233	2.261923E-03	3.4778008
234	2.246769E-03	3.4770223
235	2.228276E-03	3.4762590
236	2.203406E-03	3.4754870
237	2.175529E-03	3.4747211
238	2.156807E-03	3.4739517
239	2.137208E-03	3.4731870
240	2.123649E-03	3.4724248
241	2.101029E-03	3.4716675
242	2.086016E-03	3.4709157
243	2.074263E-03	3.4701639
244	2.057510E-03	3.4694168
245	2.045102E-03	3.4686677
246	2.032355E-03	3.4679221
247	2.017845E-03	3.4671748
248	2.002480E-03	3.4664309
249	1.988419E-03	3.4656863
250	1.977425E-03	3.4649474
251	1.963133E-03	3.4642086
252	1.950632E-03	3.4634764
253	1.939641E-03	3.4627412
254	1.926485E-03	3.4620133
255	1.915094E-03	3.4612777
256	1.911723E-03	3.4605486
257	1.911436E-03	3.4598073
258	1.923512E-03	3.4590795
259	1.958933E-03	3.4583350
260	2.039778E-03	3.4576185
261	2.170599E-03	3.4568706
262	2.406096E-03	3.4561699
263	2.638008E-03	3.4554154
264	3.018693E-03	3.4547252
265	3.022061E-03	3.4539669
266	3.037092E-03	3.4532733
267	2.513617E-03	3.4525283
268	2.038354E-03	3.4518221
269	1.746365E-03	3.4511114
270	1.778227E-03	3.4503897
271	1.998853E-03	3.4497029
272	2.163549E-03	3.4489710
273	2.195018E-03	3.4482830
274	1.957391E-03	3.4475632
275	1.731375E-03	3.4468645
276	1.645723E-03	3.4461702
277	1.715939E-03	3.4454626
278	1.836841E-03	3.4447859
279	1.835796E-03	3.4440828
280	1.749046E-03	3.4434058
281	1.623002E-03	3.4427196
282	1.574166E-03	3.4420345
283	1.618900E-03	3.4413652
284	1.671968E-03	3.4406739
285	1.702572E-03	3.4400080
286	1.639858E-03	3.4393227
287	1.559862E-03	3.4386527
288	1.508223E-03	3.4379833
289	1.511422E-03	3.4373074
290	1.538989E-03	3.4366470
291	1.550343E-03	3.4359692
292	1.529803E-03	3.4353090
293	1.489704E-03	3.4346393
294	1.449496E-03	3.4339786
295	1.434763E-03	3.4333250
296	1.434712E-03	3.4326698
297	1.443532E-03	3.4320256
298	1.442132E-03	3.4313696
299	1.427580E-03	3.4307222
300	1.391675E-03	3.4300683
301	1.374545E-03	3.4294211
302	1.365447E-03	3.4287769
303	1.362516E-03	3.4281306
304	1.358368E-03	3.4274957
305	1.356543E-03	3.4268566
306	1.347024E-03	3.4262276
307	1.333047E-03	3.4255926
308	1.321224E-03	3.4249636
309	1.307386E-03	3.4243313
310	1.296561E-03	3.4237055
311	1.284370E-03	3.4230789
312	1.280472E-03	3.4224574
313	1.268800E-03	3.4218373
314	1.261957E-03	3.4212206
315	1.253391E-03	3.4206081
316	1.243729E-03	3.4199966
317	1.236333E-03	3.4193889
318	1.227397E-03	3.4187800
319	1.219197E-03	3.4181741
320	1.210574E-03	3.4175660
321	1.202499E-03	3.4169597
322	1.193759E-03	3.4163524
323	1.187553E-03	3.4157468
324	1.178367E-03	3.4151418
325	1.169561E-03	3.4145388
326	1.161609E-03	3.4139373
327	1.153475E-03	3.4133389
328	1.145493E-03	3.4127436
329	1.139121E-03	3.4121503
330	1.131021E-03	3.4115596
331	1.122962E-03	3.4109693
332	1.112824E-03	3.4103810
333	1.105228E-03	3.4097926
334	1.099049E-03	3.4092056
335	1.091728E-03	3.4086182
336	1.085021E-03	3.4080336
337	1.078257E-03	3.4074484
338	1.070671E-03	3.4068657
339	1.064441E-03	3.4062797
340	1.058415E-03	3.4057012
341	1.055961E-03	3.4051219
342	1.054087E-03	3.4045544
343	1.053256E-03	3.4039801
344	1.056556E-03	3.4034199
345	1.077622E-03	3.4028430
346	1.123021E-03	3.4022877
347	1.194449E-03	3.4017001
348	1.365266E-03	3.4011555
349	1.644419E-03	3.4005455
350	2.299109E-03	3.4000093
351	2.958048E-03	3.3993655
352	4.345283E-03	3.3988305
353	4.108079E-03	3.3981595
354	3.847327E-03	3.3976023
355	1.944602E-03	3.3969772
356	9.800111E-04	3.3963864
357	1.282275E-03	3.3958466
358	2.039503E-03	3.3952343
359	2.384925E-03	3.3947035
360	1.477822E-03	3.3941149
361	9.224775E-04	3.3935351
362	1.204092E-03	3.3929954
363	1.655133E-03	3.3923919
364	1.625762E-03	3.3918479
365	1.026841E-03	3.3912854
366	9.288894E-04	3.3907189
367	1.293980E-03	3.3902016
368	1.291643E-03	3.3896437
369	9.928335E-04	3.3891174
370	8.682844E-04	3.3886004
371	1.052980E-03	3.3880517
372	1.156363E-03	3.3875415
373	9.503316E-04	3.3870087
374	8.358713E-04	3.3864762
375	9.425282E-04	3.3859675
376	1.003867E-03	3.3854298
377	9.047599E-04	3.3849177
378	8.137039E-04	3.3844084
379	8.648027E-04	3.3838854
380	9.255717E-04	3.3833937
381	8.729782E-04	3.3828838
382	7.944189E-04	3.3823843
383	8.025310E-04	3.3818977
384	8.512870E-04	3.3813895
385	8.402793E-04	3.3809010
386	7.872120E-04	3.3804034
387	7.662124E-04	3.3799041
388	7.924588E-04	3.3794212
389	7.964147E-04	3.3789271
390	7.630007E-04	3.3784478
391	7.425127E-04	3.3779746
392	7.572582E-04	3.3774958
393	7.694100E-04	3.3770306
394	7.399546E-04	3.3765605
395	7.268047E-04	3.3760902
396	7.381644E-04	3.3756260
397	7.449635E-04	3.3751474
398	7.329115E-04	3.3746760
399	7.117740E-04	3.3742000
400	7.056321E-04	3.3737220
401	7.150567E-04	3.3732545
402	7.054135E-04	3.3727799
403	6.914369E-04	3.3723130
404	6.839701E-04	3.3718473
405	6.831859E-04	3.3713765
406	6.829868E-04	3.3709120
407	6.784773E-04	3.3704407
408	6.678979E-04	3.3699737
409	6.639342E-04	3.3695063
410	6.598428E-04	3.3690385
411	6.564397E-04	3.3685764
412	6.516211E-04	3.3681143
413	6.443402E-04	3.3676598
414	6.379641E-04	3.3672090
415	6.305547E-04	3.3667635
416	6.312312E-04	3.3663212
417	6.267150E-04	3.3658775
418	6.231203E-04	3.3654331
419	6.195511E-04	3.3649872
420	6.171586E-04	3.3645396
421	6.129101E-04	3.3640926
422	6.087782E-04	3.3636466
423	6.042196E-04	3.3632053
424	5.998542E-04	3.3627696
425	5.960568E-04	3.3623376
426	5.916147E-04	3.3619126
427	5.876139E-04	3.3614896
428	5.835899E-04	3.3610676
429	5.792814E-04	3.3606467
430	5.765322E-04	3.3602232
431	5.731215E-04	3.3597996
432	5.692000E-04	3.3593741
433	5.616719E-04	3.3589468
434	5.621135E-04	3.3585209
435	5.588366E-04	3.3580952
436	5.517061E-04	3.3576741
437	5.486477E-04	3.3572558
438	5.457663E-04	3.3568412
439	5.396797E-04	3.3564288
440	5.371348E-04	3.3560189
441	5.341143E-04	3.3556058
442	5.284238E-04	3.3551935
443	5.233848E-04	3.3547794
444	5.210190E-04	3.3543652
445	5.194271E-04	3.3539519
446	5.195701E-04	3.3535385
447	5.150627E-04	3.3531265
448	5.118566E-04	3.3527167
449	5.085735E-04	3.3523106
450	5.045262E-04	3.3519099
451	5.026060E-04	3.3515125
452	5.001970E-04	3.3511195
453	4.971526E-04	3.3507288
454	4.882278E-04	3.3503384
455	4.887762E-04	3.3499470
456	4.840552E-04	3.3495508
457	4.814803E-04	3.3491533
458	4.781438E-04	3.3487574
459	4.780342E-04	3.3483590
460	4.727960E-04	3.3479661
461	4.708817E-04	3.3475704
462	4.662881E-04	3.3471789
463	4.620164E-04	3.3467888
464	4.603036E-04	3.3464010
465	4.581336E-04	3.3460177
466	4.554275E-04	3.3456313
467	4.529606E-04	3.3452494
468	4.486236E-04	3.3448639
469	4.443229E-04	3.3444826
470	4.413011E-04	3.3441002
471	4.422614E-04	3.3437190
472	4.356996E-04	3.3433445
473	4.339001E-04	3.3429713
474	4.322509E-04	3.3426048
475	4.299238E-04	3.3422355
476	4.277035E-04	3.3418727
477	4.253675E-04	3.3415059
478	4.217537E-04	3.3411437
479	4.166189E-04	3.3407796
480	4.143386E-04	3.3404176
481	4.108529E-04	3.3400545
482	4.068150E-04	3.3396919
483	4.058632E-04	3.3393297
484	4.031631E-04	3.3389674
485	4.020912E-04	3.3386106
486	4.027870E-04	3.3382501
487	4.008647E-04	3.3378954
488	3.984481E-04	3.3375361
489	3.956801E-04	3.3371828
490	3.953386E-04	3.3368249
491	3.901428E-04	3.3364740
492	3.889377E-04	3.3361187
493	3.818104E-04	3.3357720
494	3.854938E-04	3.3354220
495	3.796179E-04	3.3350810
496	3.836103E-04	3.3347337
497	3.851872E-04	3.3343934
498	3.899322E-04	3.3340425
499	3.939219E-04	3.3337061
500	4.120554E-04	3.3333487
501	4.395299E-04	3.3330183
502	4.891599E-04	3.3326556
503	5.807122E-04	3.3323339
504	7.150713E-04	3.3319583
505	9.625003E-04	3.3316472
506	1.208209E-03	3.3312496
507	1.667772E-03	3.3309389
508	1.785723E-03	3.3305206
509	2.071328E-03	3.3302064
510	1.663633E-03	3.3297821
511	1.377738E-03	3.3294471
512	7.627558E-04	3.3290591
513	4.066418E-04	3.3287012
514	3.557785E-04	3.3283592
515	5.527906E-04	3.3279784
516	8.192912E-04	3.3276553
517	8.550431E-04	3.3272662
518	7.449901E-04	3.3269339
519	4.838747E-04	3.3265716
520	3.342137E-04	3.3262258
521	3.555847E-04	3.3259031
522	4.693149E-04	3.3255506
523	5.539187E-04	3.3252424
524	4.992243E-04	3.3248956
525	3.960250E-04	3.3245726
526	3.175720E-04	3.3242407
527	3.295968E-04	3.3238956
528	3.990153E-04	3.3235748
529	4.334999E-04	3.3232227
530	4.099381E-04	3.3229028
531	3.407190E-04	3.3225682
532	3.019132E-04	3.3222405
533	3.153436E-04	3.3219267
534	3.537071E-04	3.3215926
535	3.817065E-04	3.3212862
536	3.670109E-04	3.3209538
537	3.324379E-04	3.3206407
538	2.973412E-04	3.3203212
539	2.888797E-04	3.3199999
540	3.060087E-04	3.3196922
541	3.282214E-04	3.3193669
542	3.366199E-04	3.3190634
543	3.160180E-04	3.3187459
544	2.923546E-04	3.3184417
545	2.776211E-04	3.3181349
546	2.806587E-04	3.3178234
547	2.913634E-04	3.3175245
548	2.986501E-04	3.3172122
549	2.965376E-04	3.3169146
550	2.840296E-04	3.3166068
551	2.723170E-04	3.3163063
552	2.685387E-04	3.3160049
553	2.632679E-04	3.3157073
554	2.620764E-04	3.3154166
555	2.621048E-04	3.3151246
556	2.608919E-04	3.3148390
557	2.586503E-04	3.3145512
558	2.561125E-04	3.3142664
559	2.539139E-04	3.3139817
560	2.524419E-04	3.3136972
561	2.513618E-04	3.3134165
562	2.505055E-04	3.3131348
563	2.486832E-04	3.3128587
564	2.468758E-04	3.3125821
565	2.450619E-04	3.3123097
566	2.447790E-04	3.3120338
567	2.429229E-04	3.3117563
568	2.415361E-04	3.3114770
569	2.404856E-04	3.3111979
570	2.397400E-04	3.3109184
571	2.409765E-04	3.3106391
572	2.372658E-04	3.3103597
573	2.348724E-04	3.3100828
574	2.340364E-04	3.3098064
575	2.360351E-04	3.3095304
576	2.306791E-04	3.3092523
577	2.301376E-04	3.3089747
578	2.301904E-04	3.3087007
579	2.287649E-04	3.3084248
580	2.273229E-04	3.3081518
581	2.257104E-04	3.3078777
582	2.244898E-04	3.3076064
583	2.231548E-04	3.3073348
584	2.218724E-04	3.3070669
585	2.205482E-04	3.3067994
586	2.192761E-04	3.3065339
587	2.175269E-04	3.3062691
588	2.163167E-04	3.3060055
589	2.149776E-04	3.3057429
590	2.137152E-04	3.3054799
591	2.121139E-04	3.3052185
592	2.111282E-04	3.3049564
593	2.103006E-04	3.3046940
594	2.083106E-04	3.3044320
595	2.072248E-04	3.3041717
596	2.061280E-04	3.3039092
597	2.053562E-04	3.3036502
598	2.046135E-04	3.3033899
599	2.040170E-04	3.3031349
600	2.032060E-04	3.3028763
601	2.035494E-04	3.3026246
602	2.034521E-04	3.3023672
603	2.039422E-04	3.3021189
604	2.042049E-04	3.3018637
605	2.039329E-04	3.3016201
606	2.042998E-04	3.3013681
607	2.048723E-04	3.3011284
608	2.053355E-04	3.3008793
609	2.066755E-04	3.3006428
610	2.079603E-04	3.3003937
611	2.104193E-04	3.3001586
612	2.130490E-04	3.2999084
613	2.181979E-04	3.2996752
614	2.240991E-04	3.2994236
615	2.334099E-04	3.2991935
616	2.441482E-04	3.2989416
617	2.633930E-04	3.2987175
618	2.883144E-04	3.2984634
619	3.358882E-04	3.2982478
620	3.902114E-04	3.2979874
621	4.930301E-04	3.2977786
622	5.971782E-04	3.2975045
623	8.004847E-04	3.2973003
624	9.474897E-04	3.2970011
625	1.290687E-03	3.2967961
626	1.416033E-03	3.2964735
627	1.770648E-03	3.2962660
628	1.573457E-03	3.2959359
629	1.471030E-03	3.2957154
630	8.644007E-04	3.2954153
631	4.221061E-04	3.2951713
632	1.857577E-04	3.2949212
633	2.313534E-04	3.2946527
634	4.510912E-04	3.2944313
635	5.941992E-04	3.2941410
636	6.264418E-04	3.2939117
637	4.273533E-04	3.2936339
638	2.381836E-04	3.2933870
639	1.650631E-04	3.2931468
640	2.329352E-04	3.2928863
641	3.533448E-04	3.2926709
642	3.887955E-04	3.2924103
643	3.425903E-04	3.2921907
644	2.289839E-04	3.2919444
645	1.630792E-04	3.2917032
646	1.760399E-04	3.2914722
647	2.289564E-04	3.2912135
648	2.656100E-04	3.2909846
649	2.405926E-04	3.2907290
650	1.940832E-04	3.2904948
651	1.573393E-04	3.2902594
652	1.615231E-04	3.2900188
653	1.883958E-04	3.2897982
654	2.031966E-04	3.2895566
655	1.953238E-04	3.2893358
656	1.686334E-04	3.2891015
657	1.513762E-04	3.2888708
658	1.529940E-04	3.2886459
659	1.650825E-04	3.2884098
660	1.717095E-04	3.2881896
661	1.644311E-04	3.2879585
662	1.536551E-04	3.2877392
663	1.457497E-04	3.2875186
664	1.461175E-04	3.2872969
665	1.478919E-04	3.2870855
666	1.523106E-04	3.2868638
667	1.528963E-04	3.2866526
668	1.468186E-04	3.2864348
669	1.412816E-04	3.2862242
670	1.397541E-04	3.2860161
671	1.404139E-04	3.2858022
672	1.426145E-04	3.2855984
673	1.447579E-04	3.2853870
674	1.420978E-04	3.2851847
675	1.402773E-04	3.2849755
676	1.377549E-04	3.2847709
677	1.351228E-04	3.2845639
678	1.335106E-04	3.2843571
679	1.337126E-04	3.2841545
680	1.336164E-04	3.2839478
681	1.331270E-04	3.2837459
682	1.321807E-04	3.2835411
683	1.310738E-04	3.2833405
684	1.299668E-04	3.2831409
685	1.297155E-04	3.2829400
686	1.298961E-04	3.2827426
687	1.297486E-04	3.2825413
688	1.301622E-04	3.2823458
689	1.292205E-04	3.2821457
690	1.279310E-04	3.2819505
691	1.263517E-04	3.2817538
692	1.251271E-04	3.2815602
693	1.243391E-04	3.2813689
694	1.240843E-04	3.2811778
695	1.241153E-04	3.2809911
696	1.237726E-04	3.2808032
697	1.231739E-04	3.2806197
698	1.216128E-04	3.2804350
699	1.212332E-04	3.2802507
700	1.204449E-04	3.2800665
701	1.200570E-04	3.2798804
702	1.197189E-04	3.2796961
703	1.190824E-04	3.2795104
704	1.179027E-04	3.2793254
705	1.176397E-04	3.2791404
706	1.167466E-04	3.2789553
707	1.164598E-04	3.2787739
708	1.168091E-04	3.2785910
709	1.163720E-04	3.2784125
710	1.163177E-04	3.2782308
711	1.143028E-04	3.2780504
712	1.133098E-04	3.2778686
713	1.127988E-04	3.2776844
714	1.128141E-04	3.2775013
715	1.128595E-04	3.2773146
716	1.135381E-04	3.2771348
717	1.146680E-04	3.2769502
718	1.128793E-04	3.2767740
719	1.117141E-04	3.2765965
720	1.116510E-04	3.2764239
721	1.107285E-04	3.2762474
722	1.094825E-04	3.2760762
723	1.100026E-04	3.2759009
724	1.091521E-04	3.2757308
725	1.088394E-04	3.2755566
726	1.084363E-04	3.2753872
727	1.074831E-04	3.2752143
728	1.077230E-04	3.2750416
729	1.066656E-04	3.2748643
730	1.056093E-04	3.2746883
731	1.044452E-04	3.2745159
732	1.043343E-04	3.2743448
733	1.040724E-04	3.2741762
734	1.031707E-04	3.2740077
735	1.027983E-04	3.2738380
736	1.015643E-04	3.2736687
737	1.030509E-04	3.2734954
738	1.029847E-04	3.2733219
739	1.022403E-04	3.2731456
740	1.025732E-04	3.2729727
741	1.033449E-04	3.2727923
742	1.066910E-04	3.2726237
743	1.094719E-04	3.2724458
744	1.154545E-04	3.2722822
745	1.239358E-04	3.2721025
746	1.398242E-04	3.2719477
747	1.611507E-04	3.2717660
748	1.996129E-04	3.2716195
749	2.455935E-04	3.2714330
750	3.292843E-04	3.2712939
751	4.233410E-04	3.2710881
752	6.067473E-04	3.2709488
753	7.753330E-04	3.2707118
754	1.154886E-03	3.2705800
755	1.397887E-03	3.2703203
756	1.984948E-03	3.2701968
757	1.946337E-03	3.2699173
758	2.186891E-03	3.2697858
759	1.473655E-03	3.2695259
760	8.865054E-04	3.2693668
761	2.588224E-04	3.2691736
762	1.052989E-04	3.2689779
763	3.700107E-04	3.2688397
764	6.847454E-04	3.2686123
765	8.327372E-04	3.2684687
766	5.311971E-04	3.2682496
767	2.164825E-04	3.2680765
768	9.187454E-05	3.2679176
769	2.330181E-04	3.2677269
770	4.348102E-04	3.2676030
771	4.032294E-04	3.2674211
772	2.407066E-04	3.2672801
773	9.827269E-05	3.2671270
774	1.265132E-04	3.2669510
775	2.483031E-04	3.2668105
776	2.761682E-04	3.2666249
777	1.987310E-04	3.2664739
778	9.925322E-05	3.2663149
779	1.026423E-04	3.2661448
780	1.807005E-04	3.2660087
781	2.095140E-04	3.2658383
782	1.632656E-04	3.2656981
783	9.778276E-05	3.2655431
784	9.009443E-05	3.2653780
785	1.329144E-04	3.2652350
786	1.593510E-04	3.2650617
787	1.359125E-04	3.2649135
788	9.188118E-05	3.2647577
789	8.679686E-05	3.2646019
790	1.134295E-04	3.2644666
791	1.269455E-04	3.2643098
792	1.117054E-04	3.2641757
793	8.694833E-05	3.2640320
794	8.222908E-05	3.2638828
795	9.658345E-05	3.2637449
796	1.068251E-04	3.2635873
797	1.003822E-04	3.2634469
798	8.555392E-05	3.2632985
799	7.864799E-05	3.2631523
800	8.303335E-05	3.2630143
801	8.883945E-05	3.2628652
802	8.837453E-05	3.2627272
803	8.274386E-05	3.2625800
804	7.806427E-05	3.2624335
805	7.887955E-05	3.2622897
806	8.178354E-05	3.2621378
807	8.342662E-05	3.2619947
808	8.095386E-05	3.2618426
809	7.742337E-05	3.2616949
810	7.571409E-05	3.2615497
811	7.727913E-05	3.2614032
812	7.863070E-05	3.2612681
813	7.928714E-05	3.2611318
814	7.744687E-05	3.2610029
815	7.515712E-05	3.2608677
816	7.413747E-05	3.2607288
817	7.433412E-05	3.2605895
818	7.491938E-05	3.2604455
819	7.481303E-05	3.2603075
820	7.380696E-05	3.2601697
821	7.276098E-05	3.2600373
822	7.233831E-05	3.2599086
823	7.233407E-05	3.2597814
824	7.302086E-05	3.2596598
825	7.260807E-05	3.2595357
826	7.241817E-05	3.2594115
827	7.206500E-05	3.2592776
828	7.140967E-05	3.2591416
829	7.091258E-05	3.2590022
830	7.072384E-05	3.2588716
831	7.028647E-05	3.2587425
832	7.021288E-05	3.2586184
833	7.006477E-05	3.2584943
834	7.004373E-05	3.2583753
835	6.924137E-05	3.2582549
836	6.927922E-05	3.2581343
837	6.909195E-05	3.2580093
838	6.891533E-05	3.2578834
839	6.883562E-05	3.2577532
840	6.810694E-05	3.2576236
841	6.794855E-05	3.2574957
842	6.744690E-05	3.2573705
843	6.749425E-05	3.2572481
844	6.712648E-05	3.2571273
845	6.730391E-05	3.2570047
846	6.708003E-05	3.2568814
847	6.682040E-05	3.2567560
848	6.621332E-05	3.2566315
849	6.568932E-05	3.2565080
850	6.544150E-05	3.2563855
851	6.520290E-05	3.2562652
852	6.536014E-05	3.2561450
853	6.522056E-05	3.2560265
854	6.533328E-05	3.2559059
855	6.504008E-05	3.2557835
856	6.467034E-05	3.2556606
857	6.421839E-05	3.2555368
858	6.412426E-05	3.2554148
859	6.406852E-05	3.2552929
860	6.373777E-05	3.2551730
861	6.347794E-05	3.2550543
862	6.338668E-05	3.2549344
863	6.319043E-05	3.2548167
864	6.334282E-05	3.2546953
865	6.320891E-05	3.2545757
866	6.303036E-05	3.2544530
867	6.268750E-05	3.2543330
868	6.224212E-05	3.2542121
869	6.190784E-05	3.2540940
870	6.167639E-05	3.2539773
871	6.150626E-05	3.2538610
872	6.128571E-05	3.2537465
873	6.130018E-05	3.2536288
874	6.122817E-05	3.2535128
875	6.111252E-05	3.2533942
876	6.076705E-05	3.2532791
877	6.069940E-05	3.2531625
878	6.040934E-05	3.2530488
879	6.011078E-05	3.2529346
880	5.978685E-05	3.2528220
881	5.946350E-05	3.2527102
882	5.922876E-05	3.2525986
883	5.906679E-05	3.2524882
884	5.889687E-05	3.2523770
885	5.878280E-05	3.2522677
886	5.866720E-05	3.2521567
887	5.848040E-05	3.2520477
888	5.834657E-05	3.2519369
889	5.814303E-05	3.2518278
890	5.793624E-05	3.2517175
891	5.761951E-05	3.2516101
892	5.766593E-05	3.2515014
893	5.752103E-05	3.2513949
894	5.708727E-05	3.2512886
895	5.640865E-05	3.2511827
896	5.656240E-05	3.2510793
897	5.709059E-05	3.2509730
898	5.723668E-05	3.2508706
899	5.802271E-05	3.2507661
900	5.814939E-05	3.2506685
901	5.791750E-05	3.2505629
902	5.920139E-05	3.2504629
903	6.085117E-05	3.2503545
904	6.212264E-05	3.2502566
905	6.215670E-05	3.2501550
906	6.204101E-05	3.2500684
907	6.226901E-05	3.2499727
908	6.260861E-05	3.2498820
909	6.276582E-05	3.2497735
910	6.296828E-05	3.2496716
911	6.262984E-05	3.2495584
912	6.273824E-05	3.2494614
913	6.384055E-05	3.2493557
914	6.567005E-05	3.2492648
915	6.619139E-05	3.2491651
916	6.671338E-05	3.2490811
917	6.857366E-05	3.2489810
918	7.252552E-05	3.2488940
919	7.793350E-05	3.2487834
920	8.715293E-05	3.2486914
921	9.925503E-05	3.2485718
922	1.203749E-04	3.2484843
923	1.472102E-04	3.2483616
924	1.973452E-04	3.2482855
925	2.614514E-04	3.2481559
926	3.813638E-04	3.2480910
927	5.022018E-04	3.2479391
928	7.442259E-04	3.2478765
929	9.355745E-04	3.2476942
930	1.367531E-03	3.2476353
931	1.473779E-03	3.2474238
932	1.832098E-03	3.2473630
933	1.476994E-03	3.2471536
934	1.222761E-03	3.2470726
935	5.638981E-04	3.2469153
936	1.522542E-04	3.2468119
937	6.665676E-05	3.2467312
938	2.784524E-04	3.2465958
939	5.734570E-04	3.2465352
940	5.819165E-04	3.2463815
941	4.367575E-04	3.2462992
942	1.726789E-04	3.2461797
943	5.212623E-05	3.2460728
944	1.246897E-04	3.2460055
945	2.584060E-04	3.2458934
946	3.146676E-04	3.2458418
947	2.076224E-04	3.2457434
948	8.900511E-05	3.2456633
949	5.234367E-05	3.2455806
950	1.090710E-04	3.2454644
951	1.775196E-04	3.2453889
952	1.676971E-04	3.2452732
953	1.084976E-04	3.2451875
954	5.427765E-05	3.2450974
955	6.021417E-05	3.2449957
956	1.061295E-04	3.2449186
957	1.290638E-04	3.2447966
958	1.119694E-04	3.2447035
959	7.030152E-05	3.2445918
960	4.789795E-05	3.2444854
961	6.027879E-05	3.2443945
962	8.411511E-05	3.2442831
963	9.201802E-05	3.2442006
964	7.483880E-05	3.2441000
965	5.415353E-05	3.2440101
966	4.764698E-05	3.2439173
967	5.474799E-05	3.2438110
968	6.520617E-05	3.2437200
969	6.483054E-05	3.2436137
970	5.511941E-05	3.2435205
971	4.684657E-05	3.2434254
972	4.742246E-05	3.2433308
973	5.320719E-05	3.2432482
974	5.706174E-05	3.2431533
975	5.465927E-05	3.2430669
976	4.876582E-05	3.2429701
977	4.515360E-05	3.2428735
978	4.614421E-05	3.2427804
979	4.948499E-05	3.2426791
980	5.176087E-05	3.2425844
981	4.930078E-05	3.2424805
982	4.675414E-05	3.2423849
983	4.545023E-05	3.2422901
984	4.552328E-05	3.2421942
985	4.659266E-05	3.2421062
986	4.716223E-05	3.2420197
987	4.600590E-05	3.2419397
988	4.467464E-05	3.2418529
989	4.399589E-05	3.2417626
990	4.407135E-05	3.2416720
991	4.446372E-05	3.2415796
992	4.563523E-05	3.2414996
993	4.570248E-05	3.2414207
994	4.505928E-05	3.2413504
995	4.368693E-05	3.2412746
996	4.344670E-05	3.2411970
997	4.349544E-05	3.2411126
998	4.432760E-05	3.2410175
999	4.418194E-05	3.2409248
1000	4.444078E-05	3.2408333
1001	4.420043E-05	3.2407520
1002	4.363734E-05	3.2406750
1003	4.307441E-05	3.2406029
1004	4.307771E-05	3.2405304
1005	4.303916E-05	3.2404525
1006	4.376460E-05	3.2403710
1007	4.404109E-05	3.2402793
1008	4.385638E-05	3.2401909
1009	4.338879E-05	3.2401019
1010	4.284117E-05	3.2400210
1011	4.240725E-05	3.2399448
1012	4.204518E-05	3.2398727
1013	4.192303E-05	3.2398034
1014	4.196822E-05	3.2397292
1015	4.241648E-05	3.2396588
1016	4.250597E-05	3.2395836
1017	4.203537E-05	3.2395045
1018	4.153392E-05	3.2394194
1019	4.053203E-05	3.2393366
1020	4.105263E-05	3.2392540
1021	4.098202E-05	3.2391731
1022	4.125925E-05	3.2390936
1023	4.083433E-05	3.2390151
1024	4.073174E-05	3.2389382
1025	4.085907E-05	3.2388586
1026	4.079425E-05	3.2387776
1027	4.044984E-05	3.2386949
1028	4.056948E-05	3.2386139
1029	4.028958E-05	3.2385329
1030	3.970942E-05	3.2384541
1031	4.004870E-05	3.2383758
1032	4.052187E-05	3.2382992
1033	4.020012E-05	3.2382228
1034	3.978520E-05	3.2381444
1035	3.981433E-05	3.2380661
1036	3.978069E-05	3.2379870
1037	3.926639E-05	3.2379077
1038	3.979113E-05	3.2378320
1039	3.964277E-05	3.2377595
1040	3.888551E-05	3.2376853
1041	3.919379E-05	3.2376089
1042	3.910328E-05	3.2375301
1043	3.893070E-05	3.2374499
1044	3.853403E-05	3.2373692
1045	3.824796E-05	3.2372893
1046	3.914981E-05	3.2372133
1047	3.920593E-05	3.2371393
1048	3.877881E-05	3.2370656
1049	3.914587E-05	3.2369893
1050	3.899984E-05	3.2369126
1051	3.902144E-05	3.2368330
1052	3.859509E-05	3.2367504
1053	3.852592E-05	3.2366701
1054	3.873803E-05	3.2365930
1055	3.808104E-05	3.2365211
1056	3.864642E-05	3.2364503
1057	4.004815E-05	3.2363844
1058	4.085588E-05	3.2363105
1059	4.250308E-05	3.2362394
1060	4.416791E-05	3.2361549
1061	4.497344E-05	3.2360787
1062	4.502761E-05	3.2359912
1063	4.553444E-05	3.2359185
1064	4.592536E-05	3.2358386
1065	4.652714E-05	3.2357745
1066	4.659021E-05	3.2356994
1067	4.722680E-05	3.2356379
1068	4.614776E-05	3.2355608
1069	4.507668E-05	3.2354914
1070	4.400012E-05	3.2354073
1071	4.281332E-05	3.2353341
1072	4.077997E-05	3.2352538
1073	3.988641E-05	3.2351825
1074	3.954435E-05	3.2351056
1075	3.888930E-05	3.2350397
1076	4.018150E-05	3.2349661
1077	4.078979E-05	3.2349016
1078	4.274695E-05	3.2348249
1079	4.698935E-05	3.2347605
1080	5.095964E-05	3.2346777
1081	5.861114E-05	3.2346127
1082	6.948315E-05	3.2345218
1083	8.856147E-05	3.2344661
1084	1.122398E-04	3.2343771
1085	1.521138E-04	3.2343381
1086	2.042546E-04	3.2342465
1087	2.958308E-04	3.2342171
1088	3.901708E-04	3.2340994
1089	5.852380E-04	3.2340707
1090	7.470560E-04	3.2339179
1091	1.117356E-03	3.2338913
1092	1.260966E-03	3.2337114
1093	1.648255E-03	3.2336884
1094	1.420583E-03	3.2335041
1095	1.351317E-03	3.2334670
1096	7.586812E-04	3.2333231
1097	3.237934E-04	3.2332605
1098	5.796754E-05	3.2331908
1099	9.913053E-05	3.2330922
1100	3.395998E-04	3.2330667
1101	5.158216E-04	3.2329352
1102	5.671686E-04	3.2328944
1103	3.432362E-04	3.2327818
1104	1.232150E-04	3.2327184
1105	3.647580E-05	3.2326660
1106	1.238597E-04	3.2325762
1107	2.713696E-04	3.2325506
1108	2.976196E-04	3.2324496
1109	2.130073E-04	3.2323966
1110	7.511803E-05	3.2323132
1111	3.917260E-05	3.2322188
1112	1.118439E-04	3.2321592
1113	1.855915E-04	3.2320481
1114	1.874109E-04	3.2319900
1115	1.025726E-04	3.2319017
1116	3.994034E-05	3.2318270
1117	5.012974E-05	3.2317676
1118	1.032044E-04	3.2316721
1119	1.317505E-04	3.2316142
1120	9.783073E-05	3.2315191
1121	4.958509E-05	3.2314422
1122	3.591361E-05	3.2313775
1123	5.842140E-05	3.2312980
1124	8.421787E-05	3.2312523
1125	7.862363E-05	3.2311765
1126	5.420480E-05	3.2311198
1127	3.531217E-05	3.2310558
1128	3.999713E-05	3.2309762
1129	5.629410E-05	3.2309127
1130	5.990889E-05	3.2308291
1131	4.902280E-05	3.2307632
1132	3.649418E-05	3.2306931
1133	3.458867E-05	3.2306239
1134	4.246470E-05	3.2305665
1135	4.965037E-05	3.2304876
1136	4.776635E-05	3.2304201
1137	3.950090E-05	3.2303407
1138	3.365543E-05	3.2302626
1139	3.475498E-05	3.2301875
1140	4.074804E-05	3.2300998
1141	4.329094E-05	3.2300265
1142	4.021516E-05	3.2299431
1143	3.490985E-05	3.2298698
1144	3.307854E-05	3.2298023
1145	3.489805E-05	3.2297330
1146	3.838097E-05	3.2296760
1147	3.783579E-05	3.2296035
1148	3.550800E-05	3.2295360
1149	3.231521E-05	3.2294638
1150	3.319037E-05	3.2293913
1151	3.488545E-05	3.2293310
1152	3.573262E-05	3.2292683
1153	3.487195E-05	3.2292146
1154	3.379804E-05	3.2291580
1155	3.275202E-05	3.2291031
1156	3.272977E-05	3.2290489
1157	3.301078E-05	3.2289915
1158	3.371243E-05	3.2289399
1159	3.269080E-05	3.2288810
1160	3.208566E-05	3.2288242
1161	3.144554E-05	3.2287670
1162	3.249816E-05	3.2287066
1163	3.355462E-05	3.2286496
1164	3.456201E-05	3.2285831
1165	3.339493E-05	3.2285188
1166	3.218049E-05	3.2284502
1167	3.169605E-05	3.2283823
1168	3.172949E-05	3.2283174
1169	3.194853E-05	3.2282482
1170	3.218429E-05	3.2281847
1171	3.167892E-05	3.2281209
1172	3.120708E-05	3.2280602
1173	3.087557E-05	3.2279987
1174	3.085618E-05	3.2279332
1175	3.096892E-05	3.2278660
1176	3.097036E-05	3.2277944
1177	3.085247E-05	3.2277247
1178	3.054285E-05	3.2276557
1179	3.050829E-05	3.2275901
1180	3.044463E-05	3.2275254
1181	3.034385E-05	3.2274622
1182	3.027738E-05	3.2273997
1183	3.021915E-05	3.2273364
1184	3.017946E-05	3.2272741
1185	3.013501E-05	3.2272103
1186	3.012769E-05	3.2271481
1187	3.002946E-05	3.2270849
1188	2.995112E-05	3.2270227
1189	2.980925E-05	3.2269600
1190	2.972524E-05	3.2268973
1191	2.968545E-05	3.2268350
1192	2.966163E-05	3.2267726
1193	2.964480E-05	3.2267120
1194	2.961214E-05	3.2266514
1195	2.955259E-05	3.2265925
1196	2.948876E-05	3.2265335
1197	2.943607E-05	3.2264746
1198	2.938902E-05	3.2264153
1199	2.934733E-05	3.2263548
1200	2.936536E-05	3.2262938
1201	2.938204E-05	3.2262314
1202	2.928779E-05	3.2261699
1203	2.925231E-05	3.2261084
1204	2.920027E-05	3.2260475
1205	2.914333E-05	3.2259862
1206	2.907786E-05	3.2259244
1207	2.899532E-05	3.2258622
1208	2.896076E-05	3.2257992
1209	2.893050E-05	3.2257365
1210	2.890154E-05	3.2256736
1211	2.893904E-05	3.2256117
1212	2.895682E-05	3.2255516
1213	2.863275E-05	3.2254929
1214	2.874970E-05	3.2254325
1215	2.881785E-05	3.2253740
1216	2.883868E-05	3.2253129
1217	2.881025E-05	3.2252551
1218	2.872909E-05	3.2251960
1219	2.862947E-05	3.2251404
1220	2.849737E-05	3.2250845
1221	2.838437E-05	3.2250305
1222	2.828805E-05	3.2249760
1223	2.823034E-05	3.2249211
1224	2.819277E-05	3.2248660
1225	2.816458E-05	3.2248099
1226	2.815546E-05	3.2247552
1227	2.812800E-05	3.2246995
1228	2.810434E-05	3.2246455
1229	2.803864E-05	3.2245898
1230	2.801848E-05	3.2245350
1231	2.796256E-05	3.2244781
1232	2.791223E-05	3.2244218
1233	2.785010E-05	3.2243639
1234	2.779577E-05	3.2243068
1235	2.773386E-05	3.2242490
1236	2.767533E-05	3.2241920
1237	2.762549E-05	3.2241347
1238	2.758000E-05	3.2240775
1239	2.749404E-05	3.2240202
1240	2.749887E-05	3.2239625
1241	2.746235E-05	3.2239033
1242	2.775938E-05	3.2238447
1243	2.751189E-05	3.2237862
1244	2.772325E-05	3.2237257
1245	2.810692E-05	3.2236703
1246	2.863419E-05	3.2236103
1247	2.937754E-05	3.2235550
1248	2.988598E-05	3.2234927
1249	3.061974E-05	3.2234378
1250	3.126627E-05	3.2233747
1251	3.201177E-05	3.2233218
1252	3.267742E-05	3.2232597
1253	3.354683E-05	3.2232091
1254	3.424521E-05	3.2231468
1255	3.528149E-05	3.2230964
1256	3.601921E-05	3.2230315
1257	3.706109E-05	3.2229801
1258	3.768101E-05	3.2229140
1259	3.885520E-05	3.2228652
1260	3.797715E-05	3.2228026
1261	3.802972E-05	3.2227561
1262	3.626524E-05	3.2226960
1263	3.548399E-05	3.2226491
1264	3.348098E-05	3.2225896
1265	3.237499E-05	3.2225390
1266	3.151843E-05	3.2224772
1267	3.098504E-05	3.2224236
1268	3.034514E-05	3.2223607
1269	3.041786E-05	3.2223086
1270	2.886050E-05	3.2222502
1271	2.845091E-05	3.2221998
1272	2.698002E-05	3.2221454
1273	2.648539E-05	3.2220914
1274	2.633566E-05	3.2220353
1275	2.642745E-05	3.2219751
1276	2.701962E-05	3.2219172
1277	2.679773E-05	3.2218552
1278	2.695423E-05	3.2217976
1279	2.710698E-05	3.2217390
1280	2.678716E-05	3.2216845
1281	2.747413E-05	3.2216272
1282	2.794919E-05	3.2215750
1283	2.993874E-05	3.2215145
1284	3.272221E-05	3.2214633
1285	3.847746E-05	3.2213957
1286	4.937586E-05	3.2213516
1287	6.653339E-05	3.2212772
1288	9.869973E-05	3.2212430
1289	1.461494E-04	3.2211544
1290	2.339483E-04	3.2211314
1291	3.428092E-04	3.2210207
1292	5.765067E-04	3.2210156
1293	8.581816E-04	3.2208642
1294	1.496907E-03	3.2208847
1295	2.021855E-03	3.2206520
1296	3.391916E-03	3.2206709
1297	3.414342E-03	3.2203747
1298	4.025415E-03	3.2203621
1299	1.942763E-03	3.2201419
1300	4.948621E-04	3.2200774
1301	8.305401E-05	3.2200717
1302	8.615297E-04	3.2199276
1303	1.713314E-03	3.2199431
1304	1.004414E-03	3.2197817
1305	1.945072E-04	3.2196934
1306	1.328529E-04	3.2196691
1307	6.560735E-04	3.2195369
1308	8.483201E-04	3.2195452
1309	2.550139E-04	3.2194855
1310	4.871408E-05	3.2194074
1311	3.988723E-04	3.2194013
1312	4.810962E-04	3.2192693
1313	1.962214E-04	3.2191914
1314	3.757469E-05	3.2191304
1315	2.589167E-04	3.2190021
1316	3.678145E-04	3.2189665
1317	1.199306E-04	3.2188819
1318	4.485507E-05	3.2187745
1319	2.147639E-04	3.2187230
1320	2.074673E-04	3.2185963
1321	5.608422E-05	3.2185008
1322	5.602805E-05	3.2184413
1323	1.606213E-04	3.2183376
1324	1.297846E-04	3.2182979
1325	3.194993E-05	3.2182567
1326	7.098127E-05	3.2181845
1327	1.299163E-04	3.2181579
1328	6.733909E-05	3.2180924
1329	2.793738E-05	3.2180194
1330	7.808817E-05	3.2179814
1331	8.635139E-05	3.2179064
1332	3.810575E-05	3.2178457
1333	3.463074E-05	3.2178033
1334	7.274757E-05	3.2177215
1335	6.498879E-05	3.2176726
1336	2.892367E-05	3.2176126
1337	3.818574E-05	3.2175296
1338	6.179781E-05	3.2174703
1339	4.671499E-05	3.2173788
1340	2.598977E-05	3.2172935
1341	3.512044E-05	3.2172300
1342	4.698718E-05	3.2171429
1343	3.547962E-05	3.2170803
1344	2.559921E-05	3.2170157
1345	3.253059E-05	3.2169369
1346	3.800277E-05	3.2168825
1347	3.061312E-05	3.2168169
1348	2.542843E-05	3.2167528
1349	3.077346E-05	3.2167067
1350	3.241597E-05	3.2166476
1351	2.709477E-05	3.2165960
1352	2.583206E-05	3.2165483
1353	3.016704E-05	3.2164901
1354	3.077995E-05	3.2164481
1355	2.755236E-05	3.2163956
1356	2.525169E-05	3.2163393
1357	2.647175E-05	3.2162926
1358	2.925275E-05	3.2162341
1359	2.693411E-05	3.2161886
1360	2.522565E-05	3.2161389
1361	2.491263E-05	3.2160829
1362	2.634949E-05	3.2160314
1363	2.562468E-05	3.2159733
1364	2.458945E-05	3.2159174
1365	2.482134E-05	3.2158658
1366	2.552022E-05	3.2158135
1367	2.475982E-05	3.2157671
1368	2.381964E-05	3.2157219
1369	2.444118E-05	3.2156708
1370	2.457760E-05	3.2156238
1371	2.388342E-05	3.2155737
1372	2.371563E-05	3.2155233
1373	2.427366E-05	3.2154805
1374	2.412825E-05	3.2154374
1375	2.414983E-05	3.2153947
1376	2.397170E-05	3.2153511
1377	2.419258E-05	3.2153032
1378	2.468366E-05	3.2152538
1379	2.380901E-05	3.2152009
1380	2.418034E-05	3.2151467
1381	2.475879E-05	3.2151021
1382	2.433234E-05	3.2150568
1383	2.381018E-05	3.2150141
1384	2.360724E-05	3.2149769
1385	2.427802E-05	3.2149332
1386	2.414068E-05	3.2148905
1387	2.343451E-05	3.2148425
1388	2.338995E-05	3.2147917
1389	2.377743E-05	3.2147475
1390	2.362499E-05	3.2147042
1391	2.378457E-05	3.2146636
1392	2.378900E-05	3.2146227
1393	2.393450E-05	3.2145789
1394	2.425685E-05	3.2145344
1395	2.363177E-05	3.2144843
1396	2.374013E-05	3.2144286
1397	2.448377E-05	3.2143801
1398	2.374179E-05	3.2143282
1399	2.346561E-05	3.2142786
1400	2.373810E-05	3.2142314
1401	2.379172E-05	3.2141780
1402	2.339269E-05	3.2141254
1403	2.337217E-05	3.2140716
1404	2.360814E-05	3.2140140
1405	2.410528E-05	3.2139598
1406	2.360882E-05	3.2139043
1407	2.312370E-05	3.2138496
1408	2.286407E-05	3.2137980
1409	2.334746E-05	3.2137457
1410	2.279903E-05	3.2136965
1411	2.305578E-05	3.2136484
1412	2.308980E-05	3.2136001
1413	2.344706E-05	3.2135545
1414	2.321939E-05	3.2135055
1415	2.311273E-05	3.2134573
1416	2.249483E-05	3.2134073
1417	2.289015E-05	3.2133553
1418	2.287331E-05	3.2133101
1419	2.273730E-05	3.2132674
1420	2.276056E-05	3.2132263
1421	2.269532E-05	3.2131840
1422	2.234507E-05	3.2131386
1423	2.267600E-05	3.2130918
1424	2.223710E-05	3.2130430
1425	2.256055E-05	3.2129925
1426	2.259166E-05	3.2129447
1427	2.252598E-05	3.2128990
1428	2.243314E-05	3.2128587
1429	2.238101E-05	3.2128165
1430	2.219710E-05	3.2127712
1431	2.233032E-05	3.2127255
1432	2.258772E-05	3.2126743
1433	2.247108E-05	3.2126227
1434	2.225680E-05	3.2125704
1435	2.224317E-05	3.2125198
1436	2.248936E-05	3.2124748
1437	2.232350E-05	3.2124291
1438	2.221625E-05	3.2123841
1439	2.210309E-05	3.2123361
1440	2.211331E-05	3.2122848
1441	2.198938E-05	3.2122372
1442	2.190297E-05	3.2121907
1443	2.199035E-05	3.2121443
1444	2.165093E-05	3.2120970
1445	2.192451E-05	3.2120486
1446	2.190511E-05	3.2119984
1447	2.179692E-05	3.2119513
1448	2.166404E-05	3.2119073
1449	2.182187E-05	3.2118609
1450	2.168190E-05	3.2118168
1451	2.175204E-05	3.2117701
1452	2.154130E-05	3.2117236
1453	2.158899E-05	3.2116792
1454	2.158313E-05	3.2116337
1455	2.153000E-05	3.2115892
1456	2.141809E-05	3.2115433
1457	2.163455E-05	3.2114937
1458	2.141267E-05	3.2114460
1459	2.140439E-05	3.2113982
1460	2.149952E-05	3.2113514
1461	2.147616E-05	3.2113051
1462	2.143907E-05	3.2112601
1463	2.139594E-05	3.2112161
1464	2.136160E-05	3.2111724
1465	2.132945E-05	3.2111291
1466	2.129108E-05	3.2110858
1467	2.124788E-05	3.2110425
1468	2.121757E-05	3.2109998
1469	2.097132E-05	3.2109568
1470	2.094779E-05	3.2109150
1471	2.114943E-05	3.2108715
1472	2.109408E-05	3.2108270
1473	2.106176E-05	3.2107822
1474	2.104691E-05	3.2107365
1475	2.104021E-05	3.2106930
1476	2.095946E-05	3.2106502
1477	2.095226E-05	3.2106086
1478	2.088204E-05	3.2105681
1479	2.086455E-05	3.2105260
1480	2.087200E-05	3.2104838
1481	2.074497E-05	3.2104407
1482	2.073791E-05	3.2103957
1483	2.086450E-05	3.2103521
1484	2.091574E-05	3.2103047
1485	2.076321E-05	3.2102583
1486	2.062914E-05	3.2102097
1487	2.060060E-05	3.2101602
1488	2.058753E-05	3.2101124
1489	2.061545E-05	3.2100667
1490	2.063259E-05	3.2100252
1491	2.060456E-05	3.2099801
1492	2.061347E-05	3.2099354
1493	2.046106E-05	3.2098865
1494	2.041249E-05	3.2098389
1495	2.040441E-05	3.2097938
1496	2.041855E-05	3.2097488
1497	2.039505E-05	3.2097056
1498	2.033958E-05	3.2096603
1499	2.027750E-05	3.2096142
1500	2.024735E-05	3.2095678
1501	2.023543E-05	3.2095211
1502	2.021600E-05	3.2094770
1503	2.018692E-05	3.2094337
1504	2.013280E-05	3.2093920
1505	2.009844E-05	3.2093503
1506	2.008386E-05	3.2093071
1507	2.006537E-05	3.2092637
1508	2.003657E-05	3.2092189
1509	1.999132E-05	3.2091749
1510	1.995557E-05	3.2091314
1511	1.992346E-05	3.2090886
1512	1.989759E-05	3.2090470
1513	1.988435E-05	3.2090042
1514	1.984244E-05	3.2089618
1515	1.982021E-05	3.2089178
1516	1.978296E-05	3.2088740
1517	1.975787E-05	3.2088303
1518	1.970925E-05	3.2087867
1519	1.963773E-05	3.2087422
1520	1.953394E-05	3.2086958
1521	1.965979E-05	3.2086498
1522	1.966689E-05	3.2086053
1523	1.964688E-05	3.2085601
1524	1.965128E-05	3.2085167
1525	1.965738E-05	3.2084723
1526	1.963146E-05	3.2084267
1527	1.969614E-05	3.2083811
1528	1.999076E-05	3.2083429
1529	2.010139E-05	3.2083063
1530	2.035739E-05	3.2082768
1531	2.013929E-05	3.2082366
1532	2.017867E-05	3.2081952
1533	1.982999E-05	3.2081517
1534	1.965046E-05	3.2081133
1535	1.957275E-05	3.2080788
1536	1.957773E-05	3.2080435
1537	1.982669E-05	3.2080118
1538	2.000042E-05	3.2079735
1539	1.993035E-05	3.2079360
1540	1.962067E-05	3.2078926
1541	1.962165E-05	3.2078483
1542	1.925370E-05	3.2078055
1543	1.957889E-05	3.2077610
1544	1.964610E-05	3.2077221
1545	1.959223E-05	3.2076780
1546	1.973541E-05	3.2076372
1547	1.993737E-05	3.2075876
1548	2.005363E-05	3.2075398
1549	1.995681E-05	3.2074873
1550	1.983715E-05	3.2074405
1551	1.938311E-05	3.2073926
1552	1.916598E-05	3.2073474
1553	1.898448E-05	3.2073040
1554	1.954688E-05	3.2072555
1555	2.020211E-05	3.2072114
1556	2.089329E-05	3.2071571
1557	2.083358E-05	3.2071113
1558	2.072402E-05	3.2070605
1559	2.002182E-05	3.2070190
1560	1.901750E-05	3.2069772
1561	1.885295E-05	3.2069390
1562	1.901851E-05	3.2069041
1563	1.964073E-05	3.2068584
1564	2.065258E-05	3.2068190
1565	2.070149E-05	3.2067716
1566	2.028636E-05	3.2067328
1567	1.967288E-05	3.2066904
1568	1.923877E-05	3.2066561
1569	1.886829E-05	3.2066200
1570	1.866004E-05	3.2065853
1571	1.859739E-05	3.2065512
1572	1.860138E-05	3.2065118
1573	1.900439E-05	3.2064760
1574	1.938604E-05	3.2064325
1575	1.983635E-05	3.2063953
1576	1.949160E-05	3.2063539
1577	1.878189E-05	3.2063161
1578	1.841950E-05	3.2062767
1579	1.850822E-05	3.2062363
1580	1.885948E-05	3.2062015
1581	1.941850E-05	3.2061597
1582	2.016683E-05	3.2061271
1583	2.036942E-05	3.2060841
1584	2.054993E-05	3.2060496
1585	1.999449E-05	3.2060067
1586	1.921089E-05	3.2059692
1587	1.850823E-05	3.2059281
1588	1.825214E-05	3.2058870
1589	1.823458E-05	3.2058475
1590	1.859581E-05	3.2058059
1591	1.865417E-05	3.2057680
1592	1.874552E-05	3.2057279
1593	1.825046E-05	3.2056918
1594	1.812169E-05	3.2056533
1595	1.791248E-05	3.2056153
1596	1.787094E-05	3.2055761
1597	1.788483E-05	3.2055350
1598	1.787076E-05	3.2054957
1599	1.799843E-05	3.2054532
1600	1.795680E-05	3.2054152
1601	1.811215E-05	3.2053725
1602	1.805400E-05	3.2053345
1603	1.813942E-05	3.2052914
1604	1.799914E-05	3.2052531
1605	1.805163E-05	3.2052107
1606	1.789611E-05	3.2051724
1607	1.796649E-05	3.2051307
1608	1.783913E-05	3.2050920
1609	1.788167E-05	3.2050514
1610	1.777829E-05	3.2050135
1611	1.766752E-05	3.2049752
1612	1.757090E-05	3.2049378
1613	1.745055E-05	3.2048990
1614	1.760822E-05	3.2048581
1615	1.758719E-05	3.2048166
1616	1.757902E-05	3.2047730
1617	1.738189E-05	3.2047280
1618	1.750115E-05	3.2046809
1619	1.752542E-05	3.2046338
1620	1.753623E-05	3.2045891
1621	1.754809E-05	3.2045418
1622	1.762855E-05	3.2044951
1623	1.756157E-05	3.2044463
1624	1.754167E-05	3.2044009
1625	1.742859E-05	3.2043558
1626	1.736980E-05	3.2043124
1627	1.711050E-05	3.2042685
1628	1.733964E-05	3.2042241
1629	1.724307E-05	3.2041811
1630	1.708628E-05	3.2041356
1631	1.738667E-05	3.2040916
1632	1.733706E-05	3.2040478
1633	1.729785E-05	3.2040046
1634	1.706037E-05	3.2039629
1635	1.715552E-05	3.2039210
1636	1.700330E-05	3.2038802
1637	1.696106E-05	3.2038384
1638	1.719360E-05	3.2037993
1639	1.687577E-05	3.2037587
1640	1.688419E-05	3.2037176
1641	1.708107E-05	3.2036790
1642	1.718760E-05	3.2036388
1643	1.718299E-05	3.2036006
1644	1.696320E-05	3.2035617
1645	1.699506E-05	3.2035237
1646	1.665814E-05	3.2034849
1647	1.695116E-05	3.2034447
1648	1.687279E-05	3.2034066
1649	1.703400E-05	3.2033664
1650	1.699513E-05	3.2033295
1651	1.692965E-05	3.2032913
1652	1.659743E-05	3.2032537
1653	1.681949E-05	3.2032170
1654	1.681844E-05	3.2031802
1655	1.671452E-05	3.2031453
1656	1.683540E-05	3.2031080
1657	1.661089E-05	3.2030716
1658	1.673385E-05	3.2030331
1659	1.647986E-05	3.2029938
1660	1.648106E-05	3.2029534
1661	1.648421E-05	3.2029110
1662	1.674534E-05	3.2028691
1663	1.660702E-05	3.2028269
1664	1.641108E-05	3.2027841
1665	1.631954E-05	3.2027411
1666	1.649559E-05	3.2026993
1667	1.642472E-05	3.2026577
1668	1.642893E-05	3.2026168
1669	1.641600E-05	3.2025779
1670	1.636689E-05	3.2025395
1671	1.623718E-05	3.2025022
1672	1.621902E-05	3.2024646
1673	1.628239E-05	3.2024270
1674	1.625812E-05	3.2023892
1675	1.622204E-05	3.2023499
1676	1.645134E-05	3.2023111
1677	1.622979E-05	3.2022696
1678	1.629296E-05	3.2022312
1679	1.608750E-05	3.2021904
1680	1.613113E-05	3.2021515
1681	1.664599E-05	3.2021095
1682	1.700082E-05	3.2020740
1683	1.903609E-05	3.2020269
1684	2.316834E-05	3.2019958
1685	3.376163E-05	3.2019360
1686	5.711365E-05	3.2019160
1687	1.028371E-04	3.2018338
1688	2.103818E-04	3.2018466
1689	4.220729E-04	3.2017239
1690	9.598155E-04	3.2017781
1691	1.797912E-03	3.2015251
1692	4.042916E-03	3.2016218
1693	5.434704E-03	3.2011396
1694	9.385929E-03	3.2011693
1695	4.735463E-03	3.2007215
1696	1.378307E-03	3.2006100
1697	2.112109E-04	3.2006503
1698	2.391138E-03	3.2003751
1699	3.866137E-03	3.2004044
1700	6.164516E-04	3.2002515
1701	7.924160E-04	3.1999333
1702	2.827497E-03	3.1999331
1703	7.138070E-04	3.1997916
1704	3.666589E-04	3.1995721
1705	1.776781E-03	3.1996044
1706	4.581986E-04	3.1994779
1707	3.046936E-04	3.1992319
1708	1.194541E-03	3.1991721
1709	2.144661E-04	3.1990071
1710	3.626549E-04	3.1987250
1711	8.592622E-04	3.1986226
1712	7.123195E-05	3.1984747
1713	4.632859E-04	3.1981784
1714	6.216745E-04	3.1980320
1715	2.704944E-05	3.1978883
1716	5.392499E-04	3.1976023
1717	3.894557E-04	3.1974851
1718	7.379424E-05	3.1974465
1719	5.216670E-04	3.1972758
1720	1.679771E-04	3.1972024
1721	1.620024E-04	3.1972051
1722	3.784339E-04	3.1970652
1723	4.063653E-05	3.1969504
1724	2.154301E-04	3.1969257
1725	1.861096E-04	3.1968197
1726	3.147290E-05	3.1967095
1727	2.073818E-04	3.1966941
1728	6.190032E-05	3.1966246
1729	8.272721E-05	3.1964874
1730	1.495021E-04	3.1964155
1731	2.206634E-05	3.1963267
1732	1.156955E-04	3.1961672
1733	7.800890E-05	3.1960694
1734	3.287737E-05	3.1960025
1735	1.059521E-04	3.1958738
1736	3.045979E-05	3.1957727
1737	5.504238E-05	3.1957133
1738	6.792873E-05	3.1956083
1739	1.940091E-05	3.1955121
1740	6.280368E-05	3.1954757
1741	3.336107E-05	3.1954241
1742	3.031140E-05	3.1953575
1743	5.119572E-05	3.1953337
1744	1.878618E-05	3.1953015
1745	3.999288E-05	3.1952332
1746	3.320750E-05	3.1951950
1747	2.020208E-05	3.1951712
1748	3.946091E-05	3.1951170
1749	2.169015E-05	3.1950807
1750	2.631493E-05	3.1950639
1751	3.120399E-05	3.1950147
1752	1.782055E-05	3.1949601
1753	2.881562E-05	3.1949266
1754	2.277789E-05	3.1948746
1755	1.934408E-05	3.1948156
1756	2.679907E-05	3.1947842
1757	1.815329E-05	3.1947471
1758	2.115180E-05	3.1946977
1759	2.209302E-05	3.1946650
1760	1.715125E-05	3.1946342
1761	2.206889E-05	3.1945877
1762	1.847896E-05	3.1945532
1763	1.815705E-05	3.1945297
1764	2.092721E-05	3.1944921
1765	1.673642E-05	3.1944582
1766	1.862614E-05	3.1944336
1767	1.883713E-05	3.1943951
1768	1.641599E-05	3.1943545
1769	1.833282E-05	3.1943247
1770	1.733259E-05	3.1942884
1771	1.661196E-05	3.1942501
1772	1.753783E-05	3.1942205
1773	1.645147E-05	3.1941859
1774	1.671052E-05	3.1941448
1775	1.685420E-05	3.1941090
1776	1.625344E-05	3.1940726
1777	1.681355E-05	3.1940358
1778	1.642252E-05	3.1940059
1779	1.627979E-05	3.1939823
1780	1.632534E-05	3.1939588
1781	1.611611E-05	3.1939358
1782	1.611965E-05	3.1939125
1783	1.605684E-05	3.1938844
1784	1.597386E-05	3.1938533
1785	1.586987E-05	3.1938237
1786	1.594475E-05	3.1937959
1787	1.585786E-05	3.1937705
1788	1.583865E-05	3.1937468
1789	1.558064E-05	3.1937194
1790	1.574603E-05	3.1936858
1791	1.571231E-05	3.1936508
1792	1.561967E-05	3.1936159
1793	1.567117E-05	3.1935810
1794	1.565183E-05	3.1935494
1795	1.544949E-05	3.1935197
1796	1.546542E-05	3.1934855
1797	1.534012E-05	3.1934505
1798	1.526858E-05	3.1934153
1799	1.529386E-05	3.1933809
1800	1.526162E-05	3.1933493
1801	1.522798E-05	3.1933154
1802	1.517661E-05	3.1932780
1803	1.517180E-05	3.1932400
1804	1.506115E-05	3.1932047
1805	1.503166E-05	3.1931679
1806	1.506153E-05	3.1931317
1807	1.496706E-05	3.1930947
1808	1.495399E-05	3.1930559
1809	1.495948E-05	3.1930168
1810	1.484748E-05	3.1929790
1811	1.488718E-05	3.1929409
1812	1.487170E-05	3.1929025
1813	1.477160E-05	3.1928655
1814	1.473746E-05	3.1928272
1815	1.487196E-05	3.1927859
1816	1.487917E-05	3.1927454
1817	1.499011E-05	3.1927044
1818	1.543385E-05	3.1926641
1819	1.547079E-05	3.1926260
1820	1.525457E-05	3.1925842
1821	1.467527E-05	3.1925404
1822	1.471913E-05	3.1924956
1823	1.468669E-05	3.1924536
1824	1.519222E-05	3.1924147
1825	1.485576E-05	3.1923783
1826	1.459261E-05	3.1923384
1827	1.486961E-05	3.1922944
1828	1.502031E-05	3.1922531
1829	1.462151E-05	3.1922141
1830	1.470766E-05	3.1921743
1831	1.469698E-05	3.1921391
1832	1.450203E-05	3.1921068
1833	1.475503E-05	3.1920753
1834	1.456313E-05	3.1920484
1835	1.457261E-05	3.1920242
1836	1.467129E-05	3.1919931
1837	1.451026E-05	3.1919661
1838	1.440096E-05	3.1919426
1839	1.451219E-05	3.1919186
1840	1.430819E-05	3.1918966
1841	1.422266E-05	3.1918746
1842	1.461503E-05	3.1918422
1843	1.445221E-05	3.1918137
1844	1.414510E-05	3.1917845
1845	1.416263E-05	3.1917536
1846	1.426582E-05	3.1917233
1847	1.409100E-05	3.1916892
1848	1.475137E-05	3.1916504
1849	1.471299E-05	3.1916115
1850	1.420838E-05	3.1915703
1851	1.436345E-05	3.1915225
1852	1.431586E-05	3.1914760
1853	1.409660E-05	3.1914285
1854	1.445640E-05	3.1913771
1855	1.416690E-05	3.1913303
1856	1.435732E-05	3.1912837
1857	1.443117E-05	3.1912340
1858	1.430363E-05	3.1911860
1859	1.417517E-05	3.1911379
1860	1.393674E-05	3.1910896
1861	1.386465E-05	3.1910447
1862	1.385802E-05	3.1910036
1863	1.392079E-05	3.1909650
1864	1.409600E-05	3.1909291
1865	1.407693E-05	3.1908945
1866	1.382660E-05	3.1908577
1867	1.374173E-05	3.1908196
1868	1.384603E-05	3.1907824
1869	1.370366E-05	3.1907477
1870	1.364656E-05	3.1907160
1871	1.379980E-05	3.1906846
1872	1.376141E-05	3.1906503
1873	1.357888E-05	3.1906147
1874	1.353586E-05	3.1905794
1875	1.366747E-05	3.1905436
1876	1.367164E-05	3.1905084
1877	1.370514E-05	3.1904745
1878	1.370287E-05	3.1904398
1879	1.367096E-05	3.1904024
1880	1.365542E-05	3.1903622
1881	1.363308E-05	3.1903194
1882	1.361963E-05	3.1902766
1883	1.357296E-05	3.1902350
1884	1.338289E-05	3.1901979
1885	1.332304E-05	3.1901621
1886	1.346305E-05	3.1901246
1887	1.346279E-05	3.1900881
1888	1.330812E-05	3.1900559
1889	1.343749E-05	3.1900246
1890	1.343005E-05	3.1899960
1891	1.345353E-05	3.1899671
1892	1.341944E-05	3.1899421
1893	1.352885E-05	3.1899188
1894	1.356364E-05	3.1898914
1895	1.358293E-05	3.1898611
1896	1.354627E-05	3.1898313
1897	1.354568E-05	3.1898019
1898	1.346228E-05	3.1897755
1899	1.342057E-05	3.1897513
1900	1.342141E-05	3.1897249
1901	1.335468E-05	3.1896972
1902	1.331120E-05	3.1896690
1903	1.330345E-05	3.1896409
1904	1.325354E-05	3.1896161
1905	1.330356E-05	3.1895942
1906	1.311181E-05	3.1895743
1907	1.321182E-05	3.1895512
1908	1.311693E-05	3.1895278
1909	1.303583E-05	3.1895020
1910	1.313713E-05	3.1894735
1911	1.321996E-05	3.1894484
1912	1.315392E-05	3.1894239
1913	1.304387E-05	3.1893990
1914	1.302492E-05	3.1893735
1915	1.300832E-05	3.1893428
1916	1.301595E-05	3.1893050
1917	1.284864E-05	3.1892681
1918	1.297827E-05	3.1892284
1919	1.286565E-05	3.1891918
1920	1.286842E-05	3.1891598
1921	1.288353E-05	3.1891268
1922	1.281182E-05	3.1890928
1923	1.283045E-05	3.1890573
1924	1.281593E-05	3.1890175
1925	1.272777E-05	3.1889779
1926	1.272157E-05	3.1889404
1927	1.270311E-05	3.1889025
1928	1.266145E-05	3.1888653
1929	1.259001E-05	3.1888282
1930	1.282900E-05	3.1887865
1931	1.266730E-05	3.1887439
1932	1.260458E-05	3.1886993
1933	1.270977E-05	3.1886551
1934	1.263334E-05	3.1886168
1935	1.254117E-05	3.1885766
1936	1.257227E-05	3.1885328
1937	1.258435E-05	3.1884887
1938	1.255210E-05	3.1884436
1939	1.251360E-05	3.1884016
1940	1.252759E-05	3.1883643
1941	1.269136E-05	3.1883265
1942	1.253501E-05	3.1882897
1943	1.233473E-05	3.1882524
1944	1.241557E-05	3.1882096
1945	1.237110E-05	3.1881677
1946	1.235389E-05	3.1881279
1947	1.231980E-05	3.1880890
1948	1.236274E-05	3.1880531
1949	1.242430E-05	3.1880189
1950	1.267967E-05	3.1879807
1951	1.244155E-05	3.1879458
1952	1.224825E-05	3.1879114
1953	1.266149E-05	3.1878761
1954	1.257377E-05	3.1878441
1955	1.254038E-05	3.1878148
1956	1.254050E-05	3.1877875
1957	1.257150E-05	3.1877645
1958	1.245580E-05	3.1877355
1959	1.260475E-05	3.1876994
1960	1.280318E-05	3.1876690
1961	1.238887E-05	3.1876370
1962	1.225365E-05	3.1876053
1963	1.230297E-05	3.1875752
1964	1.224063E-05	3.1875397
1965	1.234053E-05	3.1875030
1966	1.242431E-05	3.1874695
1967	1.241571E-05	3.1874361
1968	1.218567E-05	3.1874078
1969	1.219406E-05	3.1873843
1970	1.215732E-05	3.1873564
1971	1.206109E-05	3.1873253
1972	1.209860E-05	3.1872913
1973	1.210201E-05	3.1872537
1974	1.226736E-05	3.1872184
1975	1.216103E-05	3.1871867
1976	1.212616E-05	3.1871547
1977	1.213586E-05	3.1871232
1978	1.215356E-05	3.1870911
1979	1.204599E-05	3.1870555
1980	1.183089E-05	3.1870221
1981	1.188534E-05	3.1869917
1982	1.202292E-05	3.1869585
1983	1.186450E-05	3.1869284
1984	1.177760E-05	3.1868995
1985	1.183068E-05	3.1868681
1986	1.179100E-05	3.1868392
1987	1.174171E-05	3.1868095
1988	1.226311E-05	3.1867763
1989	1.219116E-05	3.1867476
1990	1.189379E-05	3.1867162
1991	1.183635E-05	3.1866836
1992	1.218732E-05	3.1866555
1993	1.206478E-05	3.1866249
1994	1.175001E-05	3.1865912
1995	1.161558E-05	3.1865579
1996	1.159130E-05	3.1865244
1997	1.157262E-05	3.1864919
1998	1.156520E-05	3.1864608
1999	1.156078E-05	3.1864291