3.667007914021384960e-03
4.981554232367397042e-03
1.000424527603296530e-03
1.789178089218458351e-03
2.733129852485500968e-03
1.807439778585488059e-03
1.036496169489697049e-03
1.700409481035049198e-03
7.007223520726964944e-03
1.074248905530022016e-02
1.367156736374221769e-02
1.558958560390181873e-02
1.432718986681770675e-02
1.030858786535610028e-02
5.031384697750798836e-03
1.336326042262322208e-03
2.802908300246989169e-04
5.484852918378152302e-04
2.380966998946622455e-03
5.739302074771511844e-03
1.035748948985526496e-02
1.398749228008337384e-02
9.217065970150192800e-03
1.211344870081378089e-02
1.218902914324287122e-02
1.025705396092919941e-02
9.143336450182986547e-03
9.820266667370859334e-03
1.048659570569377038e-02
1.064590697682730666e-02
1.136257058141147865e-02
1.209956211531553957e-02
1.276937901327853189e-02
1.331009549388279325e-02
1.371691545308550975e-02
1.424065009431505803e-02
1.460979882250833944e-02
1.556646943047909626e-02
1.795303823240521762e-02
2.315383422319003057e-02
3.331709465246649599e-02
7.567691945148576238e+00
1.060793561935219032e+01
1.277832054842067677e+01
1.486808958219928911e+01
3.320393021010957568e+01
3.592219972530249095e+01
3.870173183263992911e+01
2.924506841855133388e+01
3.094106424966818381e+01
