5.822938388944332716e-02
3.610384244689975042e-02
1.729251463286480411e-02
2.889481848227153787e-02
6.693946037837149310e-02
7.632162756122472247e-02
9.383952036365619809e-02
1.014376847945647198e-01
5.185638034280417447e-02
2.166695370846771079e-02
6.588973217489402928e-03
9.806159672772294528e-04
1.164308707105447078e-03
4.964052861900030561e-03
1.081908419032554837e-02
1.771308713766773027e-02
2.453869557322503614e-02
2.739839411148919934e-02
3.147781415559945672e-02
3.324720700058721168e-02
3.678467709677507580e-02
3.981808994364597482e-02
4.156132314013486623e-02
4.256020762246181394e-02
4.747337117144415086e-02
5.160817359872017090e-02
5.561369983057709576e-02
5.911949009885653084e-02
6.251166181004928768e-02
6.552280082788353166e-02
6.841438687460169032e-02
7.137135812898053044e-02
7.402842765693583293e-02
7.658794808243443719e-02
7.905607258479320498e-02
7.539560864399480478e-02
7.814365618868135410e-02
8.084201917831643214e-02
8.348813122692497202e-02
8.607621097429885015e-02
1.440009105828106428e-02
1.200387765036270427e-02
1.002272129099836262e-02
9.572083195609756845e-02
9.790795264325399816e-02
9.997958466814829692e-02
1.014186172791664842e-01
1.027020649180520190e-01
1.039696891515788230e-01
1.052211080371119323e-01
