3.667007914021384960e-03
4.981554232367397042e-03
1.014248683447623294e-03
1.789178089218458351e-03
2.730297083136283467e-03
1.797028382075275925e-03
1.036496169489697049e-03
1.700409481035049198e-03
6.941551258209045956e-03
1.074248905530022016e-02
1.361610315747950259e-02
1.463340203982651383e-02
1.413151287604766035e-02
1.030858786535610028e-02
5.031384697750798836e-03
1.336326042262322208e-03
2.802908300246989169e-04
5.484852918378152302e-04
2.380966998946622455e-03
5.739302074771511844e-03
9.408722298965782257e-03
1.020776933346605880e-02
9.217065970150192800e-03
1.211344870081378089e-02
1.498696964243206690e-02
1.168360025964930438e-02
1.228255919418377515e-02
1.099812164763213675e-02
1.243998306559421403e-02
1.272467126664660747e-02
1.256099686291553205e-02
1.211618184877704535e-02
1.276937901327853189e-02
1.331009549388279325e-02
1.371691545308550975e-02
1.424065009431505803e-02
1.460979882250833944e-02
1.556646943047909626e-02
1.795303823240521762e-02
2.315383422319003057e-02
3.331709465246649599e-02
9.768735284995605506e-01
2.239366527913321470e+00
3.040687042402131723e+00
3.774067903218545794e+00
2.037266193132503389e+01
2.277396620163789365e+01
2.517689395814928588e+01
2.749711740956270134e+01
2.934626411028230564e+01
