2.971594902681081937e-03
1.005868776763057734e-02
4.247782716404730971e-03
1.163485444179743460e-03
2.505912118546426912e-03
2.736769456401854251e-03
6.402172657210171295e-04
8.938373174588109486e-04
3.103710984083298333e-03
3.140003699534464360e-03
3.414460164808695575e-03
2.509476087653258417e-03
5.130420599475906535e-03
3.372482701589773254e-03
1.587508752741219678e-03
5.202283500328089109e-03
9.625756917212287961e-03
1.414234428298024454e-02
1.625127768911796902e-02
4.284162348751072505e-03
1.374604978620995108e-02
6.266147724896178883e-02
1.113511764901764789e-01
1.113511764901764789e-01
1.113511764901764789e-01
1.071372728343664670e-02
5.649320974589796401e-02
9.943418074007559504e-03
1.342979972186566506e-01
7.105655299247440326e-02
3.630986806872766454e-02
6.286688982339433407e-02
4.456235582723543365e-01
3.088980779436991675e-01
3.753046227849770461e-02
1.720048418456325279e-01
3.857134948887697146e-02
1.546457424517833426e-02
4.035919980321250877e-02
2.465313867189973251e-01
1.683491864678845762e-01
1.108698851196812940e-01
2.087569109255146133e-02
1.699363716892109633e+00
1.214642095882000117e+00
5.615139507645446892e-01
8.477410245064036509e-01
6.023348590898982557e-01
7.700515824869006032e+166
7.287645026695342754e+145
