7.079026202050837414e-04
7.859793771370429671e-04
1.311903314306635086e-04
1.381246087032431320e-04
1.052838355834787368e-03
1.331220892532263521e-03
8.533493303838346478e-04
1.095848896037854769e-03
3.013647511584469172e-03
3.044848212966324436e-03
4.022750710631088113e-03
7.158761616813631018e-03
6.999648854506117528e-05
1.207405621474334431e-02
3.540596303428635645e-04
4.694574006259455597e-03
2.424303664276004910e-03
3.750468627464090959e-03
7.204719162383176187e-04
6.609907192334126859e-03
2.880992984606202531e-04
3.292613916321462247e-02
8.866702839584830742e-02
1.113511764901764789e-01
2.086405221662947056e-03
1.733926179885862499e-03
8.328163091276969895e-03
2.279833024341438447e-02
1.783448753505216533e-02
1.876355657910109762e-02
2.164291290278573185e-02
2.530989158791279586e-02
2.440018065021895208e-02
1.137712015948272488e-02
1.537969167008365438e-02
6.901268142561763075e-02
3.725812723348038979e-02
4.995725216238863092e-02
1.410505375988346626e-02
5.933795990013833455e-02
5.252906689460492412e-02
1.543917499923170775e-02
5.529138162974593651e-02
3.719704789739751438e-02
2.924669604156021618e-02
1.697894605489204956e-01
6.113605017107204276e-02
1.875769081556706228e-02
2.371854811870345928e-02
1.210953140156727399e-02
