1.981951731142233761e-02
2.088951455659720374e-02
9.241814062014550718e-03
1.400195299048965190e-02
1.558391044146502542e-02
2.116623909736384951e-02
1.966034237998191478e-02
1.799038699282105858e-02
1.012939156386873443e-02
7.404358199606351186e-03
6.804469090076745164e-03
7.204473951847582824e-03
8.931987156066649794e-03
9.835683633413163512e-03
9.619580222306498701e-03
8.015001469578803689e-03
8.374284508440629077e-03
9.997986197038224651e-03
1.442356892390087020e-02
1.999024726995041190e-02
3.067974347690549317e-02
4.540734460014984701e-03
3.625817056397943189e-02
5.033191346171825287e-02
1.518021020048222411e-02
2.414950506559693233e-02
2.183960001933845166e-02
2.468722061385369981e-02
2.910560576532748508e-02
2.939631382662805797e-02
3.588668330722134814e-02
3.033608539851913657e-02
3.764313095324520880e-02
3.189624456216998832e-02
3.472252883983362876e-02
3.816444840965060870e-02
4.362465564332149853e-02
5.228053782736956367e-02
4.646427701622527634e-02
5.022864824517705995e-02
4.225767377924646157e-02
3.256561049204309555e-02
4.483113151386046435e-02
4.415622543141363432e-02
4.183641793424042188e-02
5.047496816905187866e-02
5.778139806394733125e-02
5.027407877983808976e-02
4.978682485402205482e-02
4.564110887050867177e-02
