2.568023197597444057e-03
1.190397827194255740e-03
2.051584477783751866e-04
1.590244758511858889e-04
1.706380824210012703e-03
1.032799819623235116e-05
1.754649077484774048e-05
2.735048924108164571e-04
5.862858917133567611e-05
4.220048339005712831e-04
4.280571069393395052e-03
1.110545210561698611e-04
2.041268819801663349e-03
5.265812891159285178e-03
1.623383247730473405e-02
1.092959484571624611e-02
5.404893363189815919e-03
4.721522254118551420e-03
1.139653425401689806e-03
7.939887993932331911e-03
1.351598968672813915e-03
2.362845842879835942e-03
3.036062385126895614e-03
3.866120183140314692e-02
4.177463482178073693e-03
5.063415773267538472e-03
9.419455033327923943e-03
4.158844362147509112e-03
4.810874691465690835e-03
5.993984769879221949e-03
6.738436564794438206e-03
8.878201645413070706e-03
8.658954960283521060e-03
8.484128550269916941e-03
9.109951757367970235e-03
9.361515912256016328e-03
9.703921457815815541e-03
1.012294206732174996e-02
1.077039613428400038e-02
1.160034634702361567e-02
1.197745581986043098e-02
1.301991111823673844e-02
1.255271695140882000e-02
1.334637610969019970e-02
1.427021373750908886e-02
1.442521903820823299e-02
1.541947877522860562e-02
1.720566955123741318e-02
1.664864718724861845e-02
1.376126751166620484e-02
