2.569839376491337216e-03
8.946050750519275729e-03
4.460421291144423678e-03
1.107671904150529145e-03
2.177816683293745323e-03
2.678926408612141395e-03
8.544166954718578240e-04
9.880473358977355514e-04
2.608966910254704400e-03
2.599110057487290498e-03
2.597910556180969919e-03
1.898928020377271516e-03
4.750413778877013438e-03
2.625035962008512736e-03
1.622766940194335459e-03
5.077155277409760824e-03
9.217410201214006060e-03
1.625785152570999315e-02
1.864957957217523374e-02
2.602322193944337815e-03
2.541289579327599309e-03
6.236968348416112307e-02
1.113511764901764789e-01
1.008297060746452534e-01
1.113511764901764789e-01
4.553581000894946565e-03
6.414363084258488390e-02
2.406780793884807576e-02
2.653817837024556245e-02
8.815818416738013460e-03
5.758243531290545975e-03
4.356425171502652238e-02
2.472844060717694845e-02
3.578632979626433785e-02
6.373703215806432454e-02
3.572213521543071701e-02
1.058582290038676335e-02
2.136106351905580139e-02
1.494587284164672174e-02
1.590171748230777282e-02
1.327073770010584949e-02
1.032519975693750765e-02
2.468755695686836865e-02
1.935251721946604220e-02
2.104386830500208985e-02
2.169414862192159399e-02
2.605537920659739548e-02
2.199168474644712032e-02
1.761692199268122261e-02
3.083389326697460325e-02
