2.351047166528128299e-02
2.558560154202910511e-02
1.100283828471232406e-02
1.790490114721673964e-02
1.809363652855121990e-02
2.205216760424629635e-02
2.063949040429855636e-02
1.853233038538168453e-02
9.877022183098903285e-03
6.100029473021559290e-03
5.255358556166864203e-03
3.655620108340544051e-03
7.248633097520652997e-03
8.652364989295628986e-03
9.033538753324053122e-03
7.443371936508699424e-03
9.618236572735160139e-03
1.195208637143719242e-02
1.553336854052320484e-02
1.460825026894149378e-02
3.339364695803713479e-02
8.163266326996061056e-03
3.635693924310707398e-02
5.560433433196976249e-02
3.198707066642401953e-02
3.157566559744769130e-02
3.841545617266271112e-02
4.144962917375018263e-02
4.575774143648634468e-02
4.371886216716591028e-02
4.825647479809382079e-02
4.910813513910131101e-02
5.243999876079157019e-02
5.377426629890691423e-02
5.577316288072060868e-02
5.793360236944571084e-02
5.980475560582053374e-02
6.152792176894057719e-02
6.249086996559330420e-02
6.374333520762329175e-02
6.424430362988503562e-02
6.487488241518332699e-02
6.608875027678473568e-02
5.915312466436693783e-02
6.007622395440315871e-02
6.168706520426742862e-02
6.286612364439789213e-02
6.375553153368621051e-02
6.313830047350713071e-02
6.556788121954006121e-02
