5.362693627830594778e-06
3.019806626980425790e-14
0.000000000000000000e+00
0.000000000000000000e+00
8.704148513061227277e-14
8.792966355031239800e-14
2.983869151762519323e-09
8.289902098113088869e-11
2.414861228317022324e-06
2.177428541472181678e-06
1.284207655771751888e-06
8.149430641424260102e-07
2.358116216782946140e-05
2.373088676677070907e-07
7.810361239535268396e-06
7.708376870141364634e-08
1.232027898367960006e-05
2.318517644539497269e-08
6.735198354590465897e-08
6.135852345323655754e-06
1.397845044266432524e-04
1.456934128896136826e-09
9.012029295263346285e-06
3.590878577597322874e-06
1.302835698879789561e-05
2.120917542924871668e-06
3.244429933602077654e-07
4.990827733308833558e-07
6.540847863334420254e-10
7.151905734303909412e-10
9.431788683400554874e-10
8.362803782802075148e-10
1.893467015179339796e-05
9.974581161031892407e-10
1.926850472955266014e-06
1.156031714799610199e-09
1.429152796106336609e-09
1.904426838450490322e-09
1.796114368346479750e-09
1.968033735977314791e-09
1.523231318856232974e-09
1.412733041661340394e-09
1.722587406050024583e-09
1.517303616083154338e-09
1.540487737372586707e-09
2.170574830984151049e-09
2.734617865485233779e-09
2.337015025943856017e-09
3.235970798414200544e-04
1.824548512274759560e-09
