1.317010755883529782e-04
5.978431436233222485e-04
2.567958727013319731e-04
5.403591785579919815e-05
9.366461017634719610e-05
1.021631178446114063e-04
1.635174339753575623e-05
3.480975283309817314e-05
1.103723770938813686e-04
6.701525126118212938e-05
4.156191425863653421e-05
1.891453939606435597e-05
1.243284532392863184e-05
4.903582521365024149e-06
1.146493559645023197e-06
7.195674811555363704e-07
4.160622211202280596e-07
2.907841007981915027e-07
5.426180432550609112e-04
3.601104253903031349e-05
2.098406548611819744e-05
3.071597602684050798e-04
1.280040887650102377e-04
2.617518475744873285e-05
4.324491601437330246e-04
2.367866500208037905e-06
8.453998598270118237e-04
1.801165926735848188e-04
1.783793209142459091e-06
1.953812534338794649e-05
8.680363680468872190e-05
5.657218480337178335e-06
3.767000862353597768e-06
4.723341135104419664e-06
4.814051091670989990e-03
5.937547939538490027e-06
5.039569223299622536e-04
1.620189286768436432e-03
6.982205668464303017e-04
2.769465572782792151e-05
8.180748409358784556e-05
1.972690515685826540e-04
1.987393246963620186e-03
9.798282007977832109e-08
5.614445512946986128e-07
4.105357675143750384e-06
1.948080097236015717e-07
4.977281605533789843e-06
1.306855665461625904e-05
3.376903805474285036e-07
