8.580238500144332647e-06
2.082349783449899405e-05
2.751287502178456634e-05
1.546772182337008417e-05
8.856144268065690994e-05
1.127012292272411287e-04
7.548322173533961177e-05
5.965562377241440117e-05
1.332486135652288795e-04
1.073326711775735021e-04
9.139405301539227366e-05
7.163822738220915198e-05
3.432822995819151402e-05
3.525945066940039396e-05
5.860735473106615245e-05
1.196864468511193991e-05
2.638111254782415926e-05
1.846682971518021077e-05
1.960820918611716479e-05
3.908205690095201135e-05
1.091536091735179070e-06
7.510485738748684525e-05
9.376332309329882264e-05
2.377507735218387097e-05
4.183292276138672605e-06
6.921663498360430822e-06
3.015779270754137542e-07
1.231369424203876406e-05
4.031466573906072881e-07
3.676064443425275385e-05
5.272962653180002235e-07
5.769529707322362810e-07
6.523567321892187465e-07
6.965678949200082570e-07
7.472693255294871051e-07
7.367346483988512773e-07
7.374197252829617355e-07
3.671911372293834575e-06
1.238300001205061562e-06
1.295442189075401984e-06
8.854164548210974317e-07
1.119611852118396200e-06
1.048565536621026695e-06
8.469404519928502850e-07
8.606904202679288574e-07
1.044468945110565983e-06
8.632982826384250075e-07
1.079689013749884907e-06
9.594166385795688257e-07
8.608071766502689570e-07
